tumor	gene_name	n_syn	n_mis	n_non	n_spl	n_ind	wmis_cv	wnon_cv	wspl_cv	wind_cv	pmis_cv	ptrunc_cv	pallsubs_cv	pind_cv	qmis_cv	qtrunc_cv	qallsubs_cv	pglobal_cv	qglobal_cv
UCEC	PTEN	0	102	58	13	95	87.9670377875754	442.971257676193	442.971257676193	179.860144077053	0	0	0	9.13665299584756e-60	0	0	0	0	0
UCEC	TP53	3	97	10	5	22	34.3456294849517	55.72699822625	55.72699822625	42.7089757028278	0	0	0	6.22911449256501e-14	0	0	0	0	0
UCEC	CTNNB1	3	63	0	0	1	13.9795594035487	0	0	0.975610878183798	0	0.328764118409262	0	0.554149166674424	0	0.850518587908101	0	0	0
UCEC	KRAS	1	58	0	0	1	78.7245445131863	0	0	4.02567857103209	0	0.675203130681026	0	0.207349030967268	0	0.850518587908101	0	0	0
UCEC	PIK3CA	3	192	1	0	7	37.6239052454723	1.07092137405565	1.07092137405565	5.00856173945059	0	0.949745461990865	0	0.0119431836173835	0	0.952667456028372	0	0	0
UCEC	CTCF	0	22	15	3	21	9.46616414122044	90.7539780392858	90.7539780392858	22.0638152450797	2.45335440229866e-06	0	0	2.33937781257936e-09	0.00319950125451776	0	0	0	0
UCEC	ARID1A	3	21	53	1	71	2.77740908503216	96.3635976717507	96.3635976717507	23.7560822061343	0.01595807973279	0	0	7.02224333084171e-14	0.708630928796935	0	0	0	0
UCEC	PIK3R1	0	21	10	3	70	10.5056709522472	40.6766926789135	40.6766926789135	73.8503793030715	8.9810879000396e-07	8.37685476540173e-12	3.46656037208959e-12	2.42954344923694e-31	0.00144314629380438	3.27736065841577e-08	6.16480490898332e-09	0	0
UCEC	FBXW7	1	43	6	0	7	17.5500383576823	15.4782489465391	15.4782489465391	7.5623622873908	5.77315972805081e-15	4.78660071256964e-05	1.55431223447522e-14	0.00229066096163477	1.88224251000217e-11	0.0585221769620546	3.80068199135053e-11	1.33226762955019e-15	2.89575770769564e-12
UCEC	FGFR2	0	43	0	0	4	19.1852754340415	0	0	3.71751605587411	7.69384556065233e-14	0.502243134133791	1.0369483049999e-13	0.0569726135904344	1.88133758571851e-10	0.850518587908101	2.25386474915644e-10	1.99507077525141e-13	3.9027574505468e-10
UCEC	ARHGAP35	5	20	13	0	17	2.3594453315396	20.8320456724043	20.8320456724043	8.66862785628911	0.0302906576716052	1.04682373880394e-10	8.64955995716343e-10	0.000107274220302867	0.708630928796935	3.4129943297471e-07	1.30155916832332e-06	2.87714296831609e-12	5.11660643147267e-09
UCEC	PPP2R1A	2	45	0	2	0	14.190610482826	8.01343561569795	8.01343561569795	0	1.95399252334028e-14	0.0379065683522899	1.77635683940025e-13	1	5.46057167736892e-11	0.850518587908101	3.47490924923477e-10	5.39279731981424e-12	8.79115843085051e-09
UCEC	ZFHX3	10	24	13	0	29	1.31194884429427	11.2901611153149	11.2901611153149	5.98852292829018	0.423238482261028	2.03592223080307e-08	7.39675146688157e-08	0.000698594021058013	0.802992632216194	5.68953009699566e-05	0.000103353751567955	1.27561039509061e-09	1.91949927298173e-06
UCEC	SPOP	1	25	2	0	2	14.9378091222275	11.5782737899022	11.5782737899022	4.07935428531252	1.3037249058101e-10	0.019455942060703	6.38331387747826e-10	0.102292160306321	2.83371851193969e-07	0.850518587908101	1.04058655059358e-06	1.59663060550486e-09	2.23094913606329e-06
UCEC	ARID5B	7	15	6	1	17	1.686359533173	10.6678910442382	10.6678910442382	10.9360317783294	0.193487555496295	3.19361348631864e-05	0.000172656974910756	1.59755267245758e-05	0.721484759872051	0.0446239050138323	0.112583858106807	5.71203991883706e-08	7.44926165948604e-05
UCEC	MAP3K1	1	17	5	0	19	3.81423689143955	12.7153401641974	12.7153401641974	9.60522117741299	0.00621372117228713	0.00038240377629617	0.000509829700910736	3.46247911980769e-05	0.708630928796935	0.215258880017028	0.279452389748362	3.32796195046114e-07	0.000406884947968256
UCEC	CCND1	1	11	2	0	6	6.62118891453589	23.7290849114909	23.7290849114909	15.5043026046506	0.000395460907722134	0.00448538276037536	0.000148597984537924	0.000141834484584607	0.297538702956169	0.840083772749546	0.103816920483245	3.93602688886219e-07	0.000452920929411307
UCEC	NFE2L2	0	21	0	0	2	13.195318867275	0	0	2.52435289932706	4.97288824563569e-08	0.581308027380756	1.60600776677455e-07	0.196079077963101	8.84360362373866e-05	0.850518587908101	0.000196354524585274	5.75443343087123e-07	0.000625379037637239
UCEC	CHD4	3	55	1	1	2	6.44951884895708	1.9955777628921	1.9955777628921	0.788128725910456	3.30317093677479e-08	0.425514939905697	1.21062623703594e-07	0.576306392993923	6.46166298651885e-05	0.850518587908101	0.000157881802992647	1.21943059039342e-06	0.00120037918833727
UCEC	FOXA2	0	7	2	0	9	3.85995361147236	35.2695342020801	35.2695342020801	14.8360136992778	0.0362009901133414	0.00220257767715626	0.00290303568988692	2.41967972865324e-05	0.708630928796935	0.574490993607076	0.573628122884525	1.22725609685848e-06	0.00120037918833727
UCEC	KMT2B	11	34	9	1	23	1.53671095236277	6.37836422809254	6.37836422809254	6.47725160361202	0.163136772064567	5.3667521336398e-05	0.000286728924621671	0.000528676198480877	0.716545205996581	0.0617555324930951	0.180935200756423	2.53181835829785e-06	0.00235844908214394
UCEC	MUC15	0	8	0	0	7	7.63170105322487	0	0	14.7904765178803	0.00105089113984758	0.663811812394163	0.00362594930114113	8.55426584695228e-05	0.415190725761905	0.850518587908101	0.644138818817074	4.95847278259021e-06	0.00440898384422862
UCEC	TAF1	2	43	0	1	3	6.24296591488401	1.20738250643425	1.20738250643425	1.2102514691394	9.59048247595184e-07	0.865944404217239	2.11481611378517e-06	0.391190282380283	0.00144314629380438	0.880552810652023	0.00243353134222738	1.24136551037379e-05	0.0105580835277966
UCEC	USP26	0	10	3	0	10	4.63354527521364	16.6116132619858	16.6116132619858	8.36847842993542	0.00907329659554179	0.00227006988293976	0.00177381167460366	0.000549227825238246	0.708630928796935	0.576715675974904	0.482146724846754	1.44591046309372e-05	0.0117853751995998
UCEC	ALG13	1	13	6	1	6	3.73949449185859	16.3837216539795	16.3837216539795	4.03275357730807	0.0108052996967969	1.1205873486797e-05	3.71588682230861e-05	0.0297150067202113	0.708630928796935	0.0199281179226112	0.0339202492853202	1.62495083161351e-05	0.0126847695868235
UCEC	RNF43	3	8	4	1	9	1.7595365845068	11.1111424030849	11.1111424030849	8.78049790365418	0.289280459565608	0.000432519496409878	0.00203563133352669	0.000564299914669776	0.742488961535819	0.230728791576146	0.482146724846754	1.68594218002971e-05	0.0126847695868235
UCEC	FAT1	10	45	10	1	11	2.24158330517315	8.1750474970084	8.1750474970084	1.83264391493293	0.0059972504636433	3.41199273412585e-06	1.01758427428766e-05	0.164167465889603	0.708630928796935	0.00775664031336221	0.0104768334597975	2.38927013527235e-05	0.0173107045874806
UCEC	EP300	2	18	8	1	10	2.5483021696731	10.7868818918287	10.7868818918287	3.16720053207494	0.0436753236734583	1.73836502466163e-05	9.60649617505194e-05	0.0406802831976049	0.708630928796935	0.0283382471770256	0.0696008437690244	5.25716861912162e-05	0.036728833045449
UCEC	CASP8	1	7	2	2	5	3.82163171962688	17.0935565232096	17.0935565232096	7.09535184133672	0.027127786525953	0.000385137552427972	0.000715655801864279	0.00647965992323098	0.708630928796935	0.215258880017028	0.312067758820459	6.15885836230401e-05	0.0415446852701348
UCEC	MSH2	2	1	2	2	8	0.259972858457166	8.32235927925781	8.32235927925781	6.54441863953881	0.158917085456657	0.00450919109184655	0.00160849206545344	0.00321886606136945	0.715681145172342	0.840083772749546	0.469631668423883	6.81940768779699e-05	0.0444670843962282
UCEC	HTR2C	2	6	0	0	9	2.35824721585109	0	0	14.9976260489431	0.1549744890614	0.597812559685344	0.297053875367502	2.25431476515991e-05	0.712433679637384	0.850518587908101	0.94385375476544	8.64784524329254e-05	0.0545706931126738
UCEC	UPF3A	0	1	4	1	2	0.576310595551393	23.1425153057417	23.1425153057417	3.2070395324784	0.616021251641237	3.7310422559278e-05	5.48308088980098e-05	0.143640952851759	0.890921759914674	0.0486577657403064	0.0466347949418638	0.000100431721702932	0.0596902089586402
UCEC	JAK1	6	12	2	2	14	1.47345474200058	4.70713966488207	4.70713966488207	9.27125973934664	0.374461028459292	0.0227148258322208	0.0716758781365936	0.000110194316964051	0.780646380216081	0.850518587908101	0.94385375476544	0.000100694044353089	0.0596902089586402
UCEC	STAG2	2	12	10	0	2	2.45417858508597	11.9501001859168	11.9501001859168	1.20548294483231	0.0745018287025924	3.56864138739699e-06	2.1554025279813e-05	0.423864190145889	0.708630928796935	0.00775664031336221	0.0210819921261851	0.000115143400080564	0.0662480938934116
UCEC	OR14K1	3	15	0	0	0	8.52460848149163	0	0	0	1.9087596571099e-06	0.70168399895935	9.74456646396504e-06	1	0.00266708260088457	0.850518587908101	0.0104768334597975	0.000122185176936407	0.0682910408922855
COAD	TP53	2	81	10	3	18	45.4667129762689	86.0473870365898	86.0473870365898	56.1840775778665	0	1.11022302462516e-16	0	9.49307568792161e-17	0	1.08590914038587e-12	0	0	0
COAD	PIK3CA	0	54	0	0	0	36.9795417808702	0	0	0	0	0.490288297214322	0	1	0	0.894703651238603	0	0	0
COAD	KRAS	0	88	0	0	0	294.450247449878	0	0	0	0	0.801091708865685	0	1	0	0.894703651238603	0	0	0
COAD	APC	3	11	105	8	76	1.63401683528756	153.204677483772	153.204677483772	32.8640416274346	0.34713587041296	0	0	5.50627427169859e-25	0.759015383459259	0	0	0	0
COAD	SOX9	2	7	2	0	25	2.86095367484223	20.8434880025955	20.8434880025955	60.2846584032663	0.083634534984814	0.00589457329182108	0.0107369023237834	4.34433311848854e-21	0.759015383459259	0.894703651238603	0.957802678602473	0	0
COAD	AMER1	2	6	13	0	7	1.8102391630296	51.9171857765349	51.9171857765349	7.57803628519933	0.34903394017345	7.7937656328686e-14	1.67754699020861e-13	0.000932013121441962	0.759015383459259	5.08205477700585e-10	6.56323484449217e-10	5.88418203051333e-15	1.91843948134836e-11
COAD	FBXW7	1	23	5	0	9	14.769110249704	21.2093706441474	21.2093706441474	15.6331402299996	5.94759463901084e-09	5.80540825216858e-05	2.89254109553383e-09	3.05773376328312e-06	1.93911410547217e-05	0.145844282539442	8.08341270154754e-06	2.95097279945367e-13	8.24670427184466e-10
COAD	BRAF	0	28	0	1	1	22.0401703649791	4.97275288551587	4.97275288551587	1.52203840523098	1.29462773834632e-10	0.243608940981886	8.72182215339024e-10	0.447513849556362	6.33137695438268e-07	0.894703651238603	2.84360474941033e-06	8.84609541174086e-09	2.16309148055593e-05
COAD	PTEN	2	3	4	1	6	2.37165983502154	30.2493166779921	30.2493166779921	18.2644608627718	0.272926253700331	6.6254874812044e-06	3.8632004570438e-05	2.22606289799623e-05	0.759015383459259	0.0259215572214641	0.0629766061172424	1.88111468624186e-08	4.08870727691814e-05
COAD	TGIF1	0	0	3	0	6	0	63.9197586686282	63.9197586686282	18.3553288272632	0.206014322716239	5.96439147487748e-05	4.69271362761869e-05	2.16895046526812e-05	0.759015383459259	0.145844282539442	0.0706145107565207	2.20925279181827e-08	4.3217403113549e-05
COAD	NRAS	1	13	0	0	0	26.3107959460181	0	0	0	1.37194822169562e-09	0.728680156991112	8.15691780786665e-09	1	5.36761022256194e-06	0.894703651238603	1.99457032696859e-05	1.60074613453354e-07	0.00028467087167041
COAD	ARID1A	3	2	5	1	9	0.333110609162122	16.4531547881168	16.4531547881168	4.84175996624659	0.162357598783925	2.36510806225221e-05	2.59406584368627e-06	0.00425717387645547	0.759015383459259	0.0771104065229628	0.00563834622602119	2.1337411659772e-07	0.00034783537240705
COAD	SMAD4	1	15	0	1	5	10.7426783721105	7.16243968645729	7.16243968645729	11.119412580711	5.12288458642818e-06	0.156684156793258	2.67748879997365e-05	0.000638874750581163	0.0143162668971011	0.894703651238603	0.0476154871864405	3.23023329418248e-07	0.000486075566929213
COAD	AXIN2	2	4	0	0	12	1.30057976210381	0	0	17.4854080297626	0.709086394164416	0.561115233154387	0.769551986139952	1.15675026790194e-07	0.894509632659579	0.894703651238603	0.957802678602473	1.53417337733774e-06	0.0021436785433915
COAD	B2M	1	1	0	1	4	2.52287529717687	20.9876806293108	20.9876806293108	40.9935677142211	0.460498992920497	0.0477194006255877	0.12093012275815	1.42443303033652e-05	0.781145431174932	0.894703651238603	0.957802678602473	2.45839721305652e-05	0.0320607775212077
COAD	MAP2K4	0	8	1	2	2	10.4864193810047	33.6371954586879	33.6371954586879	5.98446244003228	0.000499322699078375	0.000415516874288091	5.46687920577327e-05	0.0526208774290281	0.424684810407442	0.526715466212394	0.0763879221595262	3.95803846944265e-05	0.0462622679254381
COAD	TAP2	0	3	3	1	4	2.14911278278435	32.782857652005	32.782857652005	6.99747955292537	0.390529206281434	7.87125156294088e-05	0.000386927679636884	0.00756105310449656	0.761241480835519	0.171086025638055	0.378273514723163	4.02033817979985e-05	0.0462622679254381
COAD	ZFP36L2	0	0	1	0	5	0	45.1646561438075	45.1646561438075	12.4222932467337	0.144532039315877	0.0216974699924251	0.015070005732694	0.000402427022790663	0.759015383459259	0.894703651238603	0.957802678602473	7.89186245232498e-05	0.0857670073846563
BRCA	TP53	1	49	12	6	24	85.865495435825	296.562981019812	296.562981019812	282.710096845169	0	0	0	4.59111659168215e-30	0	0	0	0	0
BRCA	PIK3CA	0	80	0	0	2	77.3004524705021	0	0	8.68317572162431	0	0.585964704606362	0	0.032120105089623	0	0.920529240125246	0	0	0
BRCA	CDH1	0	4	8	6	25	4.35519503434663	174.352654260009	174.352654260009	128.350592455979	0.049459614526744	0	0	4.56807331786482e-23	0.744823011133764	0	0	0	0
BRCA	PTEN	0	4	6	2	11	9.27401986617856	156.233506344216	156.233506344216	126.368147661609	0.00426276833997474	2.05058192648266e-13	4.76396699866655e-13	7.41214933918858e-14	0.744823011133764	1.33711612152846e-09	2.32981806069787e-09	0	0
BRCA	MAP3K1	1	4	4	1	20	2.09847478581937	25.3358923339906	25.3358923339906	61.3503955480263	0.288066922590901	1.31485167844669e-05	7.50564903376771e-05	9.86627471940033e-15	0.744823011133764	0.0428685475562904	0.203962116927118	0	0
BRCA	GATA3	1	2	0	0	37	3.30038325189384	0	0	385.893987997086	0.199927754581492	0.780322896560728	0.418604597257775	2.21606132782295e-44	0.744823011133764	0.920529240125246	0.937407180923071	0	0
BRCA	KMT2C	1	5	14	0	18	1.05023764657951	24.3421094682006	24.3421094682006	17.0074987006815	0.939583395065815	1.04751540774828e-10	2.27129426377815e-11	6.93714049963887e-07	0.958546564499477	5.12287410159296e-07	8.88621167760562e-08	6.66133814775094e-16	1.86155852637577e-12
BRCA	MAP2K4	0	4	3	1	6	9.43380635767764	72.3877172906602	72.3877172906602	67.754122966543	0.00401423193190331	1.52678842890719e-06	8.62282078739618e-07	1.00592750782251e-07	0.744823011133764	0.00597340704925649	0.00281132700405073	2.69551048148742e-12	6.59119700485711e-09
BRCA	RUNX1	0	5	1	0	8	8.8406146287941	21.0155211803277	21.0155211803277	77.1918074546061	0.00227996478325398	0.0467367303663463	0.00241675237642869	1.25158775846853e-09	0.744823011133764	0.920529240125246	0.937407180923071	8.32545143936159e-11	1.80958312285324e-07
BRCA	ARID1A	1	5	5	0	8	1.9639081645858	22.2815056806922	22.2815056806922	16.2420207286376	0.298937444545978	2.43786839895233e-05	0.000135490769033408	4.86214885725179e-05	0.744823011133764	0.0529884240225615	0.230026555678327	1.30688382671273e-07	0.000255652614181545
BRCA	NCOR1	3	7	3	4	4	1.69023919446798	13.2190189049787	13.2190189049787	7.60533785040261	0.335224272745417	1.64241794708975e-05	8.98472818866569e-05	0.0104249046758999	0.744823011133764	0.0458985426870995	0.203962116927118	1.3938238548783e-05	0.0247872565901175
BRCA	PIK3R1	0	0	0	0	6	0	0	0	38.4095786748264	0.241878281875218	0.662794238238475	0.466034885896963	2.29309212069648e-06	0.744823011133764	0.920529240125246	0.937407180923071	1.5761791297586e-05	0.0249048507522959
BRCA	FOXA1	0	6	0	0	3	10.7072887736745	0	0	29.4365164262676	0.000435162860226157	0.836404137015225	0.00195613982898635	0.000575697022756777	0.744823011133764	0.920529240125246	0.937407180923071	1.65506113781744e-05	0.0249048507522959
BRCA	TBX3	0	2	0	0	6	2.41137177532223	0	0	37.4286888968402	0.344672806982806	0.763164919642262	0.60409999752704	2.63433568071899e-06	0.744823011133764	0.920529240125246	0.937407180923071	2.2838045653395e-05	0.0319112749336938
BLCA	TP53	2	65	15	4	12	45.6622220772356	116.532342400001	116.532342400001	221.03818112244	0	0	0	9.08010180566574e-14	0	0	0	0	0
BLCA	FGFR3	4	45	1	0	1	15.2954323043573	3.84654081915135	3.84654081915135	8.97085325115796	0	0.283764074211462	0	0.0960939399967561	0	0.87253062310468	0	0	0
BLCA	ARID1A	3	22	26	3	15	3.45565960865764	42.1148088457265	42.1148088457265	47.6208679802283	0.00200888597394833	0	0	8.48911816324945e-08	0.727737544858836	0	0	0	0
BLCA	KDM6A	3	17	25	8	28	3.44788687874619	43.8930014967968	43.8930014967968	142.103334157504	0.00363253503905114	0	0	2.51362667700402e-17	0.768322211693998	0	0	0	0
BLCA	KMT2D	6	28	24	5	19	1.82728753595483	17.4363552379218	17.4363552379218	24.8990583827282	0.0891128309184125	0	0	1.06757220377545e-05	0.768322211693998	0	0	0	0
BLCA	RB1	0	3	15	5	10	1.35786194712069	61.3182974204597	61.3182974204597	78.1207780429149	0.693141045703456	0	0	1.86691956199647e-08	0.894998358815247	0	0	0	0
BLCA	ELF3	0	22	2	0	18	25.7603076865001	20.3312011556155	20.3312011556155	351.165497428393	1.18904885937354e-13	0.00632858672552161	3.65041330496751e-13	2.0512812043943e-20	7.75339126235508e-10	0.87253062310468	9.78675612772761e-10	0	0
BLCA	STAG2	5	10	15	3	10	1.45933796753249	20.2659028416594	20.2659028416594	57.1900731299196	0.411997505616491	2.1049828546893e-13	4.00235400377369e-13	2.16834009822876e-07	0.77741826997876	6.86294576723867e-10	9.78675612772761e-10	0	0
BLCA	CDKN1A	0	3	4	0	16	6.92426030598708	71.6102768826919	71.6102768826919	703.749845351446	0.0227768175803551	1.43761410220655e-06	2.3435579034059e-06	1.34520555210633e-23	0.768322211693998	0.00255660064248769	0.0027199563223734	0	0
BLCA	ZFP36L1	1	4	2	0	12	4.40908957979648	37.2876181650718	37.2876181650718	256.899832926966	0.0388933330507965	0.00165374467701063	0.00165453427137174	1.74187184764732e-14	0.768322211693998	0.770251270754331	0.599370359566186	1.11022302462516e-15	2.17181828077173e-12
BLCA	RHOB	0	16	0	0	0	32.9577966951226	0	0	0	6.89559520594685e-13	0.858553255930846	5.88107340604438e-12	1	3.37229083546831e-09	0.878906211341212	1.27828397743378e-08	1.57961421720643e-10	2.80912848336292e-07
BLCA	CREBBP	3	6	10	2	5	0.980157743720447	16.6267928383653	16.6267928383653	14.8535003687818	0.97137151110363	8.69241467693627e-09	6.78177902724286e-09	0.00298354729341057	0.992356443545811	2.12551269887784e-05	1.10554301109104e-05	5.18463161292004e-10	8.45181363432849e-07
BLCA	TSC1	3	2	6	4	2	0.455653515464304	22.0457748144931	22.0457748144931	12.4590906097627	0.296958315901745	6.36922703467491e-09	1.43541822872351e-09	0.0238778785418882	0.768322211693998	1.77992598931872e-05	2.80796513902892e-06	8.60179927286708e-10	1.29437228750635e-06
BLCA	PSIP1	1	3	5	2	3	1.71112054219537	26.4310757313534	26.4310757313534	41.0023744643321	0.47579529561642	3.48518896520211e-07	2.05739456693443e-06	0.00065015906444462	0.795131317332058	0.000757525183747597	0.00268311683455809	2.86686524519908e-08	4.00582985189888e-05
BLCA	CDKN2A	0	4	2	0	3	9.81075138077974	75.6734456340424	75.6734456340424	129.596790717621	0.00322256665659038	0.000407657141444639	6.77062829846919e-05	2.59776703545439e-05	0.768322211693998	0.344854609689313	0.0551862628227727	3.72148437621789e-08	4.85331182450495e-05
BLCA	PIK3CA	2	31	0	0	0	8.70781397253827	0	0	0	6.5304909258046e-09	0.318350921845007	6.77065148391165e-09	1	2.55498926981179e-05	0.87253062310468	1.10554301109104e-05	1.34131132201176e-07	0.000163992075507463
BLCA	RHOA	0	10	0	0	1	21.9149497663666	0	0	37.4093828875608	5.74412488685283e-08	0.782462778688046	3.5683290400268e-07	0.0257322854818834	0.00016052367290945	0.87253062310468	0.00049859751915003	1.79106617537172e-07	0.000206099038368363
BLCA	KLF5	1	10	0	0	4	7.95699242294739	0	0	63.3835832330724	0.000100752466689169	0.652743428913953	0.000406780703322784	4.15729392225228e-05	0.140779982383823	0.87253062310468	0.241134670254555	3.19539687265724e-07	0.00034726863123845
BLCA	ERBB2	6	31	0	0	0	6.1136697704942	0	0	0	4.2937938649068e-08	0.324220117419338	7.96462641394768e-08	1	0.000139991992642178	0.87253062310468	0.000119849247622804	1.38151787065777e-06	0.00142238171504249
BLCA	EP300	2	17	8	1	5	2.77628590309787	10.7640711358084	10.7640711358084	15.0257148658112	0.0225973281122297	1.24174939962751e-05	5.8201355954024e-05	0.00287579910428991	0.768322211693998	0.0202425847962612	0.0517515875078462	2.77893833977583e-06	0.00271807959013474
BLCA	KHDRBS2	0	9	3	0	1	9.42406128431383	29.6215706590838	29.6215706590838	20.7354865148194	9.98221179776548e-05	0.000345826750462908	7.5005509740933e-06	0.0450789046492922	0.140779982383823	0.322145852026448	0.00772240937659017	5.37601201622273e-06	0.00500788319339757
BLCA	FAT1	7	11	7	0	11	0.715452188640055	5.207056485222	5.207056485222	17.3887220827826	0.434761119251664	0.0020520381774497	0.00142040862332227	0.000345804730445294	0.783241754088639	0.804057072393043	0.54813483219495	7.62634266660012e-06	0.00678120523836507
BLCA	SPTAN1	6	17	8	2	3	1.63557737287662	8.14254807998811	8.14254807998811	8.71238929194093	0.210941226228946	1.45131943787291e-05	7.96844661158369e-05	0.0249376280031364	0.768322211693998	0.0218390083412845	0.0623515010463201	2.80759523878515e-05	0.0238792078526588
BLCA	ERCC2	3	19	0	0	0	7.56728475445352	0	0	0	7.68434117781602e-07	0.465537148869071	2.36372852879807e-06	1	0.00187901352650546	0.87253062310468	0.0027199563223734	3.29864705365113e-05	0.0268867223598014
BLCA	ASXL1	2	9	8	0	0	1.93426260980311	18.9539244304076	18.9539244304076	0	0.206934832250183	5.29246988789644e-07	3.29376792973513e-06	1	0.768322211693998	0.0010353129594703	0.00357959379119325	4.48725761831303e-05	0.0351118934117758
BLCA	KMT2C	3	29	8	2	8	2.28191188430905	5.80888622779345	5.80888622779345	11.8199027364606	0.0355256404849813	0.000423091229554418	0.00177031284763152	0.00310205999052394	0.768322211693998	0.344854609689313	0.62965199864305	7.2007658473372e-05	0.0541774544252347
LUAD	TP53	6	71	27	4	23	11.6119650284645	39.5847962853748	39.5847962853748	196.796130837681	6.66133814775094e-16	0	0	5.60228447351385e-27	1.30309096846304e-11	0	0	0	0
LUAD	STK11	2	13	13	6	18	5.93458269945285	76.4731703508702	76.4731703508702	139.819491074017	0.00316566079269642	0	0	1.96530886185245e-20	0.393545444061675	0	0	0	0
LUAD	KEAP1	1	43	5	2	6	28.0198605429529	52.1072882965754	52.1072882965754	32.3635515339324	7.9797723984143e-11	3.41721552388208e-07	2.63830068902848e-11	3.81691072968626e-06	7.80501538288902e-07	0.00167118925195453	1.72034793595917e-07	3.77475828372553e-15	2.4613940515413e-11
LUAD	RBM10	0	4	8	2	4	9.32631398431253	166.453466368088	166.453466368088	13.5389690151993	0.122607604291005	1.99382960142103e-08	1.29802488757491e-08	0.00150127212566731	0.818098716383499	0.000130010982209994	6.3479907126851e-05	5.00058439101281e-10	2.44553579642481e-06
LUAD	SETD2	0	6	7	2	9	8.87836665313602	101.907581627838	101.907581627838	11.8287834553847	0.116908218911883	1.82502130807727e-06	1.28069748461801e-06	0.000120323992289865	0.818068520436507	0.00595017780476792	0.00357900059915679	3.6357150623445e-09	1.42243716099166e-05
LUAD	SMARCA4	3	11	6	6	4	1.8770035440799	15.6224193823248	15.6224193823248	8.01713028486238	0.292611699147454	4.81271208996326e-07	6.36045268787022e-07	0.00781713474371435	0.820039503011648	0.00188292547807722	0.00248846350960235	1.00034859840115e-07	0.000326146988032054
LUAD	EGFR	2	23	0	0	7	6.20752779145946	0	0	19.4867241895065	0.000866109031163464	0.335083632714917	0.000481093974836866	2.17421313103359e-05	0.314397740258604	0.922857456242832	0.247662114098915	2.02670053073284e-07	0.000566375939745654
LUAD	RB1	0	2	5	2	4	4.87582417317402	90.2297996727545	90.2297996727545	14.5154070389005	0.35432925164037	1.52394322381344e-05	1.07409757996724e-05	0.00118986354358482	0.820039503011648	0.0425876819203407	0.0233461076214657	2.45066783755021e-07	0.000599249552976966
LUAD	CDKN2A	1	7	1	0	4	9.89488317602321	17.9092640786968	17.9092640786968	80.2667448758245	0.00373117094750341	0.0681048893545894	0.00776159907789398	2.22831333123259e-06	0.412368169915603	0.922857456242832	0.702927783156305	3.26410822593104e-07	0.0007094720568407
LUAD	CDH10	9	51	4	1	4	3.85859170426523	3.20913975623325	3.20913975623325	17.0910179203277	1.38665134239435e-05	0.0518021661655504	7.37500327536722e-05	0.000682726412053755	0.0452094559331972	0.922857456242832	0.110976780055949	8.96463259292268e-07	0.00175366142782754
LUAD	CMTR2	0	3	4	0	4	7.9289285601508	116.220821606519	116.220821606519	17.4900300118528	0.176833926737435	8.61526262161405e-05	0.000331326488305472	0.000630507331452341	0.820039503011648	0.153210697640013	0.209573819769047	3.42213472559472e-06	0.00608579995473489
LUAD	ATM	0	12	6	1	8	17.195402480118	60.2741976485728	60.2741976485728	8.82225262619465	0.0153031408321301	0.000132755160573872	0.00066005626160226	0.000882837813456896	0.616973769471124	0.216413037595507	0.288895884306379	8.94802907247527e-06	0.0144913693278537
LUAD	BRAF	1	28	1	1	2	15.4501871097688	6.74173172082515	6.74173172082515	8.34456258610057	3.54480999076312e-06	0.0931876245368749	1.90113264744163e-05	0.0331581802939815	0.017335893259827	0.922857456242832	0.0371899568492531	9.63029349054789e-06	0.0144913693278537
LUAD	MGA	3	13	8	1	7	1.5587042591798	9.14112958469828	9.14112958469828	7.69681115247632	0.454382699881335	0.000199847491899718	0.000307267982295079	0.00234931973305609	0.820039503011648	0.255509612715876	0.209573819769047	1.09301477928536e-05	0.0152725393659859
LUAD	KRAS	0	14	1	0	0	102.595556360506	48.7160391523367	48.7160391523367	0	1.28163826218497e-07	0.0451723457510361	8.39585123868503e-07	1	0.000835713589495413	0.922857456242832	0.00273732736551927	1.25856815508252e-05	0.0164134068331495
LUAD	OR10Q1	1	10	0	0	3	10.8056222264214	0	0	31.6050307948559	0.0010632052892342	0.768361813098959	0.00376657189197871	0.000414632625713977	0.314397740258604	0.922857456242832	0.63195621773966	2.24417988984316e-05	0.0274379043781949
LUAD	DCAF4L2	11	18	4	0	4	1.74867033413263	4.80419948894495	4.80419948894495	34.052558432168	0.135266081519136	0.0195000480302581	0.0420089481286003	5.77209583674141e-05	0.820039503011648	0.922857456242832	0.946631395868419	3.37768436388108e-05	0.0388672126624952
LUAD	OR5AS1	2	14	0	0	2	8.93671024141728	0	0	20.7458663679054	0.00015583276198361	0.653167271582919	0.000509263065058274	0.00648895502155952	0.16937683562163	0.922857456242832	0.249093588246333	4.50091090491433e-05	0.0489148995121857
LUAD	ASCL3	0	0	1	0	3	0	86.0204414286485	86.0204414286485	55.5692849140324	0.637942331142905	0.0243495971274679	0.04770375137698	8.28311739944149e-05	0.820039503011648	0.922857456242832	0.946631395868419	5.31119825383231e-05	0.0546829790744566
LUAD	TAS2R1	1	13	3	0	0	15.0475349195432	72.1440774508742	72.1440774508742	0	5.59810925698789e-05	7.89130132788918e-05	4.61280492947136e-06	1	0.115643980875658	0.153210697640013	0.0112794612537898	6.12888373596743e-05	0.0599466118214974
LUAD	CYLC2	0	10	0	0	2	43.3722692779509	0	0	19.3192165317171	0.000276067563785842	0.806048693651555	0.000708874473300591	0.0074094670297021	0.17420753815415	0.922857456242832	0.288895884306379	6.91046915971549e-05	0.0643726655725498
LUAD	OR2T4	1	12	3	0	1	12.3375149432428	42.2184652221237	42.2184652221237	9.65960826585854	0.000295654022512082	0.00039420802401291	6.5591460365666e-05	0.0955469649798008	0.180736999636917	0.385574868287027	0.106925012306097	8.13477718469846e-05	0.0723329596759415
LUAD	REG3A	2	8	0	2	2	7.12036545979455	12.1369855752485	12.1369855752485	38.309128236189	0.00325990465452763	0.0227653657443391	0.00407294181713957	0.00202474738760395	0.393545444061675	0.922857456242832	0.63195621773966	0.00010477982109347	0.0891175156621942
CESC	PIK3CA	0	57	0	0	1	40.733734123628	0	0	7.34248336633744	0	0.506268788999411	0	0.12026600689651	0	0.915757555146169	0	0	0
CESC	FBXW7	0	14	7	0	1	14.3168898656682	55.7701926665528	55.7701926665528	11.0863202240321	7.64499197281054e-09	1.08583575464394e-09	7.4495964952348e-14	0.0829300749404403	3.738783324303e-05	4.96081389020908e-06	7.28645033198916e-10	2.08277839419679e-13	2.03716554736388e-09
CESC	EP300	2	13	14	1	0	3.68523553700348	30.3715587073943	30.3715587073943	0	0.00271440441948956	3.49720252756924e-14	2.04281036531029e-13	1	0.744170626466882	6.84122758443095e-10	1.33204854554e-09	6.17317308382326e-12	4.02532039552502e-08
CESC	TP53	3	15	2	0	1	18.739821983285	22.6587087219288	22.6587087219288	19.9216109609511	1.45391476635837e-11	0.00395319418322204	8.71702710014688e-12	0.0478622496317723	9.48049355316745e-08	0.915757555146169	4.26306210332683e-08	1.23100418747413e-11	6.02022597884222e-08
CESC	KMT2C	3	18	18	0	4	2.21722717590476	15.9531581075932	15.9531581075932	6.39178723014228	0.0402634389326211	5.2607918021863e-12	4.12109235625735e-11	0.0209959602058575	0.744170626466882	5.14558046171842e-08	1.3436134778851e-07	2.48985276840585e-11	9.74129997111106e-08
CESC	PTEN	0	6	2	2	3	10.2297931776569	59.7256300266545	59.7256300266545	58.2855053362479	0.000207020852803774	1.71016879702002e-06	6.28824361470492e-08	0.000110244736866876	0.606672727005882	0.00477918885818651	0.000136678468434286	1.85060633484113e-10	6.03359352036037e-07
CESC	KRAS	0	11	0	0	0	41.8259622910817	0	0	0	2.52453613569514e-12	0.803505907792225	2.0870527528416e-11	1	2.46924879432342e-08	0.915757555146169	8.16538519021748e-08	5.34132849061564e-10	1.4926723990489e-06
CESC	HLA-B	1	1	3	3	1	1.653861436826	119.785818262906	119.785818262906	21.6229055609221	0.657286915992521	1.01533781382557e-10	8.39507241501281e-10	0.0442584560407058	0.789029518574457	6.62067943801858e-07	2.34606295117829e-06	9.2947372021257e-10	2.27279561434979e-06
CESC	KMT2D	6	11	13	1	4	1.10521207580686	13.2278181276766	13.2278181276766	5.66927751434794	0.808591286244507	1.26797206068119e-09	2.61410149082764e-09	0.0281431293452468	0.87875904119528	4.96081389020908e-06	6.39213167044628e-06	1.79013948109485e-09	3.89096761435306e-06
CESC	HLA-A	0	4	2	2	1	7.80966672031873	83.5779231411645	83.5779231411645	21.0997707489643	0.0047063943365776	4.37077048220935e-07	1.79636293951013e-07	0.0453074451087909	0.744170626466882	0.00142501686954966	0.000351404518226972	1.59738306027002e-07	0.000312480074250021
CESC	CASP8	2	5	4	0	1	5.37219442721305	32.7684240008571	32.7684240008571	14.5623649696006	0.0075133955654022	1.56964163048334e-05	7.50740213339984e-06	0.0643740500394434	0.744170626466882	0.0318647720059017	0.0133508909575971	7.51148873312513e-06	0.0133581584179449
CESC	BAP1	0	0	4	0	1	0	44.1535179204707	44.1535179204707	10.7522119433078	0.187080707004411	5.79716752313608e-06	8.67996011344463e-06	0.0852931763779887	0.744170626466882	0.0141755238859485	0.0141497816449337	1.11911144765608e-05	0.0182433817825403
OV	TP53	0	119	22	17	37	363.700642475055	1130.57177302875	1130.57177302875	320.558535707403	0	0	0	8.65175064867668e-38	0	0	0	0	0
OV	BRCA1	0	0	6	0	8	0	51.1508953167393	51.1508953167393	14.4870672385079	0.180761778476951	8.39012464171063e-07	8.07535228686262e-08	0.000223733689355211	0.751328418998624	0.00820638091205717	0.000789850207178033	4.64996152693686e-10	4.54812736949695e-06
LUSC	TP53	4	63	7	8	17	27.3136528630975	53.7739169502485	53.7739169502485	326.420721461703	0	1.11022302462516e-15	0	4.68483097424484e-25	0	1.08590914038587e-11	0	0	0
LUSC	CDKN2A	0	6	6	3	4	58.7164747063973	1175.82617424627	1175.82617424627	180.125720246374	7.49889083743183e-05	2.22044604925031e-16	8.88178419700125e-16	1.12928653716041e-07	0.136533788836068	4.34363656154346e-12	8.68727312308692e-12	0	0
LUSC	KMT2D	5	8	14	0	13	0.725831045170672	12.9851408617411	12.9851408617411	17.7588738271073	0.570564433145819	6.62528021333486e-08	7.27485294227392e-10	1.8853245903573e-06	0.817864761186853	0.000420424988325174	4.74368910855875e-06	4.82947015711943e-14	3.14913650711901e-10
LUSC	KEAP1	0	17	0	0	3	63.2231126582266	0	0	36.313345201669	3.15955111407362e-07	0.835293433444661	1.15467377148626e-06	0.000308122163350433	0.00309035694467541	0.940361608741061	0.00451754566356284	8.09639444376842e-09	3.95954170272494e-05
LUSC	RB1	0	1	6	2	2	2.8814469090736	134.735363163342	134.735363163342	16.286932724107	0.55896094477719	8.59676900777373e-08	4.44183364534112e-08	0.0104990825075702	0.817864761186853	0.000420424988325174	0.000217227874425407	1.04864238403835e-08	4.10270846331162e-05
LUSC	PTEN	1	4	4	0	3	5.74901660449823	41.8618888450865	41.8618888450865	56.1778236411958	0.0534668975295913	6.60003778393259e-05	0.000278598112176898	8.86559236888519e-05	0.817864761186853	0.161387423911612	0.288035656605869	4.57345642801421e-07	0.00149109924408023
LUSC	HLA-A	0	0	3	1	1	0	183.36624703059	183.36624703059	20.3367748665261	0.583297562067461	5.71950892203077e-06	6.18287963316533e-06	0.0472226516186636	0.817864761186853	0.0223770067065532	0.01727849876914	4.68515977281037e-06	0.011694947844973
LUSC	ZNF479	0	12	3	0	1	52.8588983238361	103.967230793657	103.967230793657	14.4100576197099	7.11541042397457e-06	0.000243987780035759	4.55165721724438e-06	0.0655718631318953	0.0404707357439716	0.433898995732684	0.0148399197472891	4.78272072179653e-06	0.011694947844973
LUSC	KRT5	1	0	1	0	4	0	11.3678410994148	11.3678410994148	51.2032504253652	0.229026853542246	0.109733156806759	0.0844273068194101	1.47384283144878e-05	0.817864761186853	0.940361608741061	0.966392235025179	1.81633201783438e-05	0.0394789854809734
LUSC	NFE2L2	2	18	0	0	1	10.8923161033717	0	0	12.4839608091546	8.27537792535971e-06	0.559819528710935	2.01859691638662e-05	0.075047977564755	0.0404707357439716	0.940361608741061	0.0493597410979437	2.18150206514611e-05	0.0426745433983883
LUSC	SYNJ2BP	0	0	0	0	3	0	0	0	155.450964048241	0.707231164126102	0.893445100085863	0.925010275826126	4.51221294750418e-06	0.817864761186853	0.940361608741061	0.966392235025179	5.58738771634371e-05	0.0993640713701051
READ	TP53	0	36	5	1	5	317.989097253445	527.153634835052	527.153634835052	182.373532310952	0	1.56022972319647e-11	0	3.39109994394355e-09	0	1.52606069225847e-07	0	0	0
READ	KRAS	0	20	0	0	0	429.946561378626	0	0	0	0	0.913327088155205	0	1	0	0.968883619332273	0	0	0
READ	APC	0	4	51	1	25	6.76547078618458	756.531408195166	756.531408195166	126.32765775407	0.0729261575592506	0	0	1.1833963962022e-24	0.838419025695445	0	0	0	0
READ	FBXW7	0	9	2	2	1	54.363800242405	156.184470518772	156.184470518772	20.298071110315	4.60990858597299e-07	1.60267788507085e-06	5.53920076473702e-09	0.0474372516040857	0.00180358063517607	0.0104505282625853	2.16715690719571e-05	6.0592861839126e-09	2.96329390824246e-05
READ	SMAD4	0	11	0	0	1	83.3190023095179	0	0	25.9874038808373	2.02738792420831e-09	0.866430647067589	1.28816577404933e-08	0.0373563518886063	9.91494064334075e-06	0.968883619332273	4.19984981199217e-05	1.08054718506168e-08	4.2275328068353e-05
READ	NRAS	0	8	0	0	0	174.882222614119	0	0	0	2.20391593863667e-10	0.918718728851216	1.69181746390024e-09	1	1.43710011972035e-06	0.968883619332273	8.2738333072041e-06	3.58622371798845e-08	0.000116922847285483
READ	PIK3R1	0	0	3	0	2	0	107.541994869584	107.541994869584	39.6442326789049	0.568214059675773	5.83925759947146e-05	0.000138298271020409	0.0018496881813081	0.838419025695445	0.228455114321721	0.338173847212656	4.13868664561612e-06	0.0101968062777461
READ	SOX9	0	0	2	0	2	0	263.873790142218	263.873790142218	56.3569974356982	0.580128834869696	9.97400844903185e-05	0.000291423470291985	0.000934350769277343	0.838419025695445	0.325185922133268	0.518256902350164	4.38836041327662e-06	0.0101968062777461
READ	B2M	0	1	0	1	2	28.1096417331805	208.132933149338	208.132933149338	239.517239101717	0.0498434096222722	0.00549663774076636	0.00544232887980334	5.37233660013169e-05	0.838419025695445	0.968883619332273	0.987316374286416	4.69130234637127e-06	0.0101968062777461
READ	PIK3CA	0	11	0	0	0	44.0348391179259	0	0	0	5.91891296419789e-07	0.775020886331726	2.34275569199749e-06	1	0.00192976292342732	0.968883619332273	0.00654699812097927	3.27146684466761e-05	0.0639964344153879
STAD	TP53	0	36	6	4	16	64.9965603513303	222.402157059034	222.402157059034	79.7152011313697	0	1.4432899320127e-15	0	1.82415069393396e-16	0	2.82336376500325e-11	0	0	0
STAD	ARID1A	0	8	9	1	17	4.52702967685666	96.0634279379332	96.0634279379332	14.5978897959841	0.0394032814620944	4.85522733129073e-12	3.20540261000701e-11	3.1658936610389e-07	0.7603578618222	4.74889785273547e-08	2.09013619523191e-07	4.44089209850063e-16	4.34363656154346e-12
STAD	KRAS	0	13	0	0	0	66.5549266093974	0	0	0	2.34301467116893e-12	0.848318853551714	1.82482917665538e-11	1	2.29170264987033e-08	0.925746801784377	1.78486541768663e-07	4.69472904995882e-10	3.06127632250982e-06
STAD	PIK3CA	0	23	0	0	0	23.0557322149426	0	0	0	2.87613954874644e-09	0.590089875129457	5.77291714431993e-09	1	1.87543472841926e-05	0.925746801784377	2.82324512942966e-05	1.15285665236442e-07	0.00056380454583882
STAD	SMAD4	0	10	2	0	4	16.7800508381583	35.6120975207792	35.6120975207792	14.1988197313561	1.76347922813402e-05	0.00302002129427814	1.25230426596401e-05	0.00097482131610872	0.0862429516518944	0.925746801784377	0.0487207263150065	2.34647157371093e-07	0.000918033538498664
STAD	B2M	1	0	0	1	4	0	35.2705418017816	35.2705418017816	65.4328942619993	0.481099812385277	0.0272559426456129	0.0624662699281221	3.44929652555328e-06	0.7603578618222	0.925746801784377	0.95728298031701	3.52294865635372e-06	0.0114859869359319
STAD	EIF5B	3	4	0	0	11	1.28733939687352	0	0	17.6845660167566	0.711387751374582	0.395755842310422	0.621152051738218	9.24963267452724e-07	0.834402637749704	0.925746801784377	0.95728298031701	8.83054589240206e-06	0.0246775912495956
STAD	PTEN	0	6	0	0	4	13.912681118919	0	0	19.4355131471285	0.000566618474349023	0.755149120739753	0.00220752788466971	0.000324450700286494	0.527818599772171	0.925746801784377	0.95728298031701	1.08504138529586e-05	0.026531974473947
STAD	CDH8	1	12	0	0	4	9.09116736238573	0	0	9.81493413929989	0.000111674121523908	0.659104053073682	0.000401488719143916	0.00333455883034053	0.218456916525069	0.925746801784377	0.604147871068715	1.94442133025774e-05	0.0422630778472243
STAD	EDNRB	1	9	2	0	3	8.52967856409799	24.4899350201309	24.4899350201309	11.04870634818	0.000519944480075751	0.0050223201432773	0.000251959383114064	0.0059810674349812	0.508557695962092	0.925746801784377	0.410735787706444	2.17087353309164e-05	0.0424666280543387
PRAD	TP53	0	30	1	4	13	170.72513964597	302.735685369078	302.735685369078	315.974987935226	0	8.23825008211543e-10	0	3.01681836439119e-20	0	1.61156648106342e-05	0	0	0
PRAD	SPOP	0	50	0	0	1	338.979414049412	0	0	25.5372605633803	0	0.862580414128683	0	0.0378772830480332	0	0.959102797381148	0	0	0
PRAD	FOXA1	1	8	0	0	17	17.9180415361666	0	0	344.186122815115	1.21472619045715e-05	0.878382806769472	6.68460052567488e-05	4.71737175296994e-25	0.0396041228962046	0.959102797381148	0.161332457301722	0	0
PRAD	PTEN	0	3	1	1	8	21.4648597727845	110.135027226308	110.135027226308	189.633122995398	0.00254262320568843	0.000341292893296208	7.42251362700896e-05	1.5178960741949e-12	0.772845830354399	0.959102797381148	0.161332457301722	4.21884749357559e-15	2.06322736673314e-11
PRAD	CDK12	1	6	3	1	7	6.7658309367061	46.6206366056513	46.6206366056513	44.9599657805991	0.00753105790820652	1.61784422318956e-05	2.36260893102802e-05	2.59576993911498e-07	0.796689386244351	0.105494228980114	0.0770289265146169	1.64465330243502e-10	6.43454158044676e-07
PRAD	KDM6A	1	2	2	1	7	2.59638826066642	27.1558877695897	27.1558877695897	46.8778384467645	0.33527635074606	0.000690637229633806	0.00308707384350559	1.99756918567944e-07	0.796689386244351	0.959102797381148	0.977704003362747	1.36940780937067e-08	4.46472592781818e-05
PRAD	KMT2D	1	7	2	0	14	2.93876140951272	10.3414535590598	10.3414535590598	24.2092123433995	0.123827554034672	0.0304715544373247	0.0637742634716398	1.05901425974059e-07	0.796689386244351	0.959102797381148	0.977704003362747	1.33813849667597e-07	0.000373952361028218
PRAD	APC	0	2	6	0	2	2.41961792467299	69.9693986812739	69.9693986812739	6.73450964224164	0.420238068947064	1.96186940026877e-07	8.1320430478371e-07	0.0490861510366734	0.796689386244351	0.00191890446040288	0.00530263420339298	7.19962696127396e-07	0.00176048878270552
PRAD	CDKN1B	0	0	1	0	3	0	134.86998535997	134.86998535997	139.463194824286	0.657979535047709	0.00714425697763643	0.0226678900164996	6.65941833356768e-06	0.796689386244351	0.959102797381148	0.977704003362747	2.5218965187257e-06	0.00546392006476906
PRAD	ERF	0	0	0	0	5	0	0	0	87.2174199568999	0.485533707352703	0.867142559744333	0.774970009210008	2.17150446143473e-07	0.796689386244351	0.959102797381148	0.977704003362747	2.7931295699668e-06	0.00546392006476906
PRAD	SMARCA1	0	3	1	1	4	7.43612312827346	34.7301107128578	34.7301107128578	35.7664713772833	0.0414857073583598	0.00374945917785796	0.00566913853703532	6.24837982659791e-05	0.796689386244351	0.959102797381148	0.977704003362747	5.61571106894032e-06	0.00998677635732823
PRAD	TMPRSS2	2	1	1	0	4	1.81128990300465	18.8503595740566	18.8503595740566	72.2752657454159	0.622078919891204	0.0531725437918149	0.147274958645646	4.42392977044429e-06	0.796689386244351	0.959102797381148	0.977704003362747	9.93194381759821e-06	0.0161907237466547
PRAD	CTNNB1	0	10	0	0	0	34.023826033941	0	0	0	2.21025521107698e-07	0.805780160354884	1.20757537136473e-06	1	0.0014412337479696	0.959102797381148	0.00590564735365923	1.76630794102017e-05	0.0259575858128662
PRAD	KMT2C	3	7	3	0	9	1.77896370107155	6.94352105914224	6.94352105914224	17.5464687299284	0.337212906315418	0.0211711521706198	0.0675167534570655	1.88810700254338e-05	0.796689386244351	0.959102797381148	0.977704003362747	1.85771496462594e-05	0.0259575858128662
PRAD	ZMYM3	0	1	1	1	4	1.95835637283634	40.5105809796439	40.5105809796439	27.8994106664752	0.618529970577093	0.0027321190616818	0.0110655579866602	0.00015425518624538	0.796689386244351	0.959102797381148	0.977704003362747	2.43762133660397e-05	0.0317898323910979
PRAD	LCE2D	0	3	0	0	1	72.4747179377313	0	0	86.2745289303388	6.95978567855082e-05	0.95497146807168	0.000364927889809463	0.0114761488452523	0.161012684640064	0.959972981845893	0.594893281704393	5.60487957079747e-05	0.0685266588524626
PRAD	NKX3-1	0	3	0	0	2	21.9690926013266	0	0	81.5018954150434	0.00238030548246226	0.901483784626961	0.00968259645493008	0.000499022664310895	0.772845830354399	0.959102797381148	0.977704003362747	6.3974869810135e-05	0.0736162590132859
LIHC	TP53	1	57	12	8	19	73.8235724046409	232.282173790417	232.282173790417	259.325607041861	0	0	0	7.85896422411067e-23	0	0	0	0	0
LIHC	CTNNB1	1	84	0	0	4	61.3747448976791	0	0	27.4367049340745	0	0.598911937171668	0	0.000265062572371022	0	0.897501720913435	0	0	0
LIHC	AXIN1	1	3	10	3	12	1.89547228072977	95.0432180967806	95.0432180967806	74.7753534240361	0.429800040854682	2.22044604925031e-16	5.55111512312578e-16	5.16459575207547e-11	0.761681552096085	2.17181828077173e-12	3.61969713461955e-12	0	0
LIHC	ALB	1	16	0	1	22	15.7428121300255	6.88704683040121	6.88704683040121	193.94601914054	3.77574097543132e-08	0.162428970666495	2.4876125381823e-07	1.69626241291748e-22	0.000246203483204625	0.897501720913435	0.00121656691179806	0	0
LIHC	BAP1	1	6	5	0	10	4.47994601863127	36.3804019480853	36.3804019480853	73.6656735216246	0.0247785362699594	3.98668477452624e-06	1.29050017818599e-05	6.21896336356095e-10	0.761681552096085	0.0153668715901177	0.031555955607093	2.68451927354363e-13	1.05029132058121e-09
LIHC	RB1	1	5	1	5	11	3.28705475509937	25.7880935293003	25.7880935293003	63.6744196317164	0.0902414004822876	4.71328236073543e-06	2.62107292350322e-05	7.43470476985432e-10	0.761681552096085	0.0153668715901177	0.0569704761439667	6.34714503178202e-13	2.069380851862e-09
LIHC	RPS6KA3	0	8	4	2	5	9.03714527799175	46.2953872105844	46.2953872105844	36.2860605066032	0.000923980769936716	4.31674907597213e-07	4.64943285205521e-07	2.64813151541145e-05	0.657275755365588	0.00273718582884586	0.00181904410903808	3.21602744435268e-10	8.98741840948958e-07
LIHC	ARID1A	3	7	5	1	12	1.3862313360399	15.7575326091721	15.7575326091721	28.2288407720661	0.569145570937845	2.83506199647565e-05	0.000116751406843418	5.17341460436073e-07	0.771548022107859	0.0554594827750567	0.134346530627703	1.48162204727242e-09	3.62293631109289e-06
LIHC	CDKN2A	0	6	0	1	3	20.8964426575102	55.8957389332165	55.8957389332165	96.0284672692606	3.63255158135622e-05	0.0168619321213586	3.09684590964476e-05	2.80289803231933e-05	0.118433290057484	0.897501720913435	0.0605804996844709	1.89789709503785e-08	4.12518477479227e-05
LIHC	ACVR2A	1	2	2	1	6	2.20117366803375	26.7375225418762	26.7375225418762	62.7734727674544	0.39946339641144	0.000539312281939375	0.00245684951936431	4.5115943257204e-07	0.761681552096085	0.527501342964902	0.935301816008223	2.39646298361151e-08	4.26971037472892e-05
LIHC	KEAP1	0	13	1	0	4	15.1451060214923	15.7936585519867	15.7936585519867	34.416602669303	2.42198827060669e-06	0.0687941384847574	9.33905570033033e-06	0.000118919177950116	0.011844733637402	0.897501720913435	0.0260986582299803	2.40092087322452e-08	4.26971037472892e-05
LIHC	ARID2	1	7	5	2	5	2.80682564051864	28.8931588956288	28.8931588956288	14.6448642894297	0.107992523172937	5.59694474766559e-07	3.62826594202392e-06	0.00108142559581633	0.761681552096085	0.00273718582884586	0.0118293563929787	7.98717360028789e-08	0.000130204241640693
LIHC	TSC2	0	1	5	0	3	0.545521157387157	25.7390729349685	25.7390729349685	8.9229991710375	0.601922947336966	4.27729999805671e-05	3.64575017682833e-05	0.0160030255668151	0.781606463302639	0.0661809184439032	0.064834695417378	8.95818815715987e-06	0.0134800059023355
LIHC	KRTAP22-1	0	0	2	0	1	0	388.149507802896	388.149507802896	109.746819736298	0.708180211820618	1.72828864101193e-05	8.56450419878252e-05	0.00902930385751821	0.833689673444961	0.0422609779943443	0.111692554091056	1.16558532339273e-05	0.0162865572115775
LIHC	APOB	3	16	2	0	15	2.22906939695691	3.3843108831004	3.3843108831004	17.6739510311523	0.0908693795602771	0.186644546800911	0.167921210587757	8.82038326654823e-06	0.761681552096085	0.897501720913435	0.935301816008223	2.13618938531557e-05	0.0278587578370288
LIHC	BRD7	0	1	3	0	3	1.25897729404215	27.0802002587569	27.0802002587569	24.7056393587072	0.8502053093349	0.000728524676293918	0.00285302074126126	0.00127829271701562	0.922359383784165	0.632849982997469	0.935301816008223	4.93132411352182e-05	0.0602916014429461
KICH	TP53	0	12	4	3	1	259.145654937475	1779.34288185109	1779.34288185109	278.902553453315	0	0	0	0.00353823184173294	0	0	0	0	0
KICH	PTEN	0	2	1	0	2	62.9891934009533	220.343746427049	220.343746427049	543.99804980498	0.00038396277247621	0.00302453160116078	2.28350072974948e-05	4.8826434967633e-05	0.91493052119472	0.986305044095557	0.223349206376796	2.40990791766649e-08	0.000235713093426959
HNSC	TP53	0	13	5	4	8	97.4972821082748	602.656347419016	602.656347419016	544.066064864595	2.29372076887557e-13	0	0	1.92419915632842e-13	4.4869765680744e-09	0	0	0	0
HNSC	FAT1	1	3	11	1	3	1.62185540038332	77.4478509399106	77.4478509399106	17.5094230197656	0.577561735037408	1.81188397618826e-13	1.34559030584569e-13	0.00652247174061398	0.820949876576631	1.77220371710973e-09	1.31612187814767e-09	3.13082892944294e-14	3.06226377588814e-10
HNSC	CDKN2A	0	0	3	0	3	0	715.689344819617	715.689344819617	478.486673117523	0.714364789070174	6.35169516982614e-08	3.5774149109713e-07	7.25434902667551e-07	0.820949876576631	0.00041417286970713	0.00174953476221051	7.78033193427063e-12	5.07329510994007e-08
HNSC	AJUBA	0	0	2	1	3	0	189.357130606487	189.357130606487	149.138703309358	0.556092263250657	3.82520474329073e-06	1.32441765918756e-05	2.21305957428903e-05	0.820949876576631	0.0124714425313756	0.0370117974986101	6.72682698432681e-09	3.28975473668502e-05
HNSC	FBXW7	0	3	2	0	4	13.6228254411008	69.9041284920852	69.9041284920852	151.38561409368	0.00921206061803037	0.000900302094991923	0.000528234924849991	2.37459027640203e-06	0.820949876576631	0.960889375676695	0.73809511427968	2.69641469152759e-08	0.000105494528391326
HNSC	PIK3CA	0	14	0	0	0	44.3020086829709	0	0	0	7.91640419883777e-10	0.758625808786769	4.02575639490976e-09	1	7.74303494688322e-06	0.960889375676695	2.62506155324083e-05	8.18458538720535e-08	0.000266844765574185
HNSC	KRT5	1	0	0	0	5	0	0	0	226.694193693581	0.437466175037816	0.826847643438692	0.724336707240409	5.08583199343027e-08	0.820949876576631	0.960889375676695	0.983620098999617	6.67393697528773e-07	0.00186507935872255
HNSC	KMT2D	1	2	7	0	1	0.945966088144364	33.5133550349605	33.5133550349605	4.83843512000384	0.953998301507584	6.06386611590182e-07	5.61920230679469e-07	0.155705003872018	0.955267955266756	0.00237242697918543	0.00205234412869167	1.50941647103497e-06	0.00369090062579827
HNSC	NOTCH1	0	5	2	0	5	7.33816626960388	41.0784019923585	41.0784019923585	52.4163804667083	0.0198580655230219	0.00271000968082225	0.00313588235442719	3.92877936135926e-05	0.820949876576631	0.960889375676695	0.983620098999617	2.08327528383734e-06	0.00452811456693622
HNSC	CASP8	0	0	4	0	0	0	189.984495136684	189.984495136684	0	0.581148921019496	1.69106039948907e-07	6.29489048775689e-07	1	0.820949876576631	0.000827013088370132	0.00205234412869167	9.61755865414027e-06	0.0188138682392292
HNSC	NFE2L2	0	6	0	0	1	31.1882191634761	0	0	44.2165902550846	1.93001390789149e-05	0.843277860474118	9.87856644419915e-05	0.0218091721177598	0.125849773553911	0.960889375676695	0.214716129757138	3.02654453997464e-05	0.0538229675372581
THYM	GTF2I	0	15	0	0	0	374.248636021654	0	0	0	0	0.915960710607513	0	1	0	0.990096656361975	0	0	0
THYM	HRAS	0	3	0	0	1	265.247162024478	0	0	225.422150849565	1.65581827871186e-06	0.970358787314849	1.03199816020583e-05	0.00442621108789901	0.0161955585840807	0.990096656361975	0.100939740049732	8.17718573409287e-07	0.00799810536651624
KIRP	CUL3	0	4	4	1	4	7.71464672806504	83.6324440995968	83.6324440995968	29.6578174710275	0.00666741256807923	3.77399711481985e-08	3.93302801438011e-08	4.14782108168276e-05	0.752293180249565	0.000738269315601059	0.000384689470086519	4.59088322912748e-11	8.98068577281919e-07
KIRP	NF2	0	0	1	2	4	0	59.4615525524745	59.4615525524745	38.266546367819	0.381165630636538	3.7515598376836e-05	0.000108012527289425	1.57378755664586e-05	0.752293180249565	0.183470033861917	0.337795725889253	3.60252165876318e-08	0.000352362643443627
KIRP	MET	0	16	0	0	0	17.8570184720655	0	0	0	1.0240767123193e-09	0.681225812228975	5.80928316562535e-09	1	2.00329886463901e-05	0.939480358496337	0.000113641197285963	1.15975417491754e-07	0.000756237038991229
KIRP	KDM6A	0	1	3	1	4	1.11482616234476	35.7302859818281	35.7302859818281	15.9488542903637	0.922695173722785	2.01299727056181e-05	9.88727426337599e-05	0.000410946263704383	0.933334866764834	0.168596057716879	0.337795725889253	7.32125740143807e-07	0.00314702015459505
KIRP	ATP1B1	0	4	0	0	3	19.2048861414167	0	0	56.2669283763655	0.000230511652111409	0.82457651269585	0.00108420130151898	4.75727065313545e-05	0.751544823100565	0.939480358496337	0.952753216469759	9.17072189743351e-07	0.00314702015459505
KIRP	PTEN	0	2	1	0	4	7.31122565029539	31.3139085927475	31.3139085927475	56.4526278099508	0.0472648604004504	0.0292076376645791	0.0169909409405362	3.51534900220109e-06	0.752293180249565	0.939480358496337	0.952753216469759	1.05322967769439e-06	0.00314702015459505
KIRP	SETD2	0	4	1	1	8	2.5966146997824	13.1992273151323	13.1992273151323	17.7831279806785	0.177756192151271	0.0146281725893267	0.0327590872400485	1.9573396771096e-06	0.752293180249565	0.939480358496337	0.952753216469759	1.12611906155635e-06	0.00314702015459505
KIRP	PBRM1	0	3	3	1	4	2.78413397966482	33.5510886251242	33.5510886251242	13.4951843995385	0.193134501299423	2.58556473341498e-05	0.000120875681485777	0.000745788462641327	0.752293180249565	0.168596057716879	0.337795725889253	1.55250695443865e-06	0.0037962676303411
ESCA	TP53	0	17	5	1	3	183.11942803966	761.484332453544	761.484332453544	145.578309974753	0	2.72004641033163e-14	0	3.72293486959784e-06	0	5.32095478789074e-10	0	0	0
ESCA	CDKN2A	0	1	0	0	3	16.2462347187399	0	0	341.415798393171	0.0673750678096001	0.942442947251896	0.187001613209513	2.94471648244992e-07	0.858082270425878	0.975112706465142	0.990987302608669	9.75490761279119e-07	0.00954127513607106
ESCA	ZNF750	0	0	2	0	2	0	245.86351476658	245.86351476658	52.8157036188331	0.577576196046813	4.64873519694375e-05	0.00018556749386156	0.000976466013672923	0.858082270425878	0.230241454149049	0.623663094901711	2.99409344595158e-06	0.0195234853299016
CHOL	PBRM1	0	0	3	0	3	0	572.403011582674	572.403011582674	173.978458339997	0.757706219624745	6.86052740395127e-07	3.20888262228536e-06	0.000171802560841331	0.955113028897184	0.0134205637076095	0.0313860809285731	1.23041998811857e-08	0.000240694758075755
CHOL	BAP1	0	2	1	0	3	89.1479513236496	509.305637126778	509.305637126778	402.772047389856	0.0014114026446721	0.00241347024018868	0.000180720720932559	1.74729108543768e-05	0.955113028897184	0.990976415765485	0.783307494396552	6.49650280237779e-08	0.000635422939100572
CHOL	IDH1	0	5	0	0	0	395.380484017022	0	0	0	5.84127946012813e-09	0.960539007156479	4.32508397985032e-08	1	0.000114267108799027	0.990976415765485	0.000846072928138319	7.76622856912823e-07	0.00506409877564288
CHOL	EPHA2	0	2	1	0	2	65.2999555892131	406.008304778538	406.008304778538	200.630224902487	0.00266760666379906	0.00308814558371484	0.000399367257078453	0.000539381662271186	0.955113028897184	0.990976415765485	0.976552785371088	3.52213027254855e-06	0.0172249780978987
THCA	BRAF	0	196	0	0	6	1726.95101647349	0	0	44.8051638358511	0	0.856856453972493	0	2.33572128934919e-05	0	0.975172644879181	0	0	0
THCA	HRAS	0	16	0	0	0	504.865482216223	0	0	0	0	0.936795289361667	0	1	0	0.975172644879181	0	0	0
THCA	NRAS	0	34	0	0	0	1282.14571297901	0	0	0	0	0.937466100055398	0	1	0	0.975172644879181	0	0	0
THCA	EIF1AX	0	4	0	1	1	190.944924677139	315.703517420394	315.703517420394	41.6121521601928	1.28382147690509e-07	0.0027479972932738	2.93242782278824e-08	0.0231892479657969	0.000627852893280434	0.975172644879181	0.000143410382673459	1.50342392979397e-08	7.3524947286574e-05
THCA	INTS2	0	5	0	0	5	30.6084939534486	0	0	25.0363571088297	4.83787291233329e-05	0.842821330184793	0.000240692454874569	0.000553572088468965	0.157730783185106	0.975172644879181	0.523158422472925	2.24258749914608e-06	0.00877389933165911
PAAD	KRAS	0	11	0	0	0	1692.63448016399	0	0	0	0	0.968345570156854	0	1	0	0.990046541565582	0	0	0
PAAD	TP53	0	5	2	0	1	271.573192967043	1019.23713596743	1019.23713596743	541.399074350553	1.71714753527397e-10	1.91547166528139e-06	7.92699239582362e-14	0.00184533980341478	1.67954200425147e-06	0.0187352283581173	7.75339126235508e-10	5.44009282066327e-15	5.32095478789074e-11
PAAD	SMAD4	0	2	0	0	3	93.8560828483132	0	0	1157.20380810552	0.000279932926255388	0.943952795557462	0.00135490997050192	3.01004300927165e-09	0.547604790340791	0.990046541565582	0.999082234129519	1.11034070826577e-10	7.24016164503164e-07
PAAD	RNF43	0	3	0	1	2	92.8132646457528	303.699339055361	303.699339055361	544.16131452581	1.21913916839578e-05	0.00247304918856062	1.27860322862716e-06	6.82331447052723e-06	0.0794960013738607	0.990046541565582	0.00625300908960114	2.30888086427683e-10	1.12915818667458e-06
PAAD	CDKN2A	0	0	2	0	0	0	3577.35185884797	3577.35185884797	0	0.872805190979785	1.41973931166994e-07	9.4831786723315e-07	1	0.948850219941795	0.00277729404148874	0.00618366470627163	1.41001363644921e-05	0.0551653735124391
