tumor	gene_name	n_syn	n_mis	n_non	n_spl	n_ind	wmis_cv	wnon_cv	wspl_cv	wind_cv	pmis_cv	ptrunc_cv	pallsubs_cv	pind_cv	qmis_cv	qtrunc_cv	qallsubs_cv	pglobal_cv	qglobal_cv
UCEC	PTEN	1	22	10	3	29	54.3964508492376	237.123051683954	237.123051683954	206.207869156337	0	0	0	1.56311732977482e-35	0	0	0	0	0
UCEC	TP53	0	33	3	1	7	69.523035093471	93.647027644719	93.647027644719	51.0376206873903	0	4.48982822032207e-07	0	1.74627146225426e-08	0	0.00219575049114851	0	0	0
UCEC	PIK3CA	1	47	0	0	0	45.1394014473291	0	0	0	0	0.541440129410291	0	1	0	0.930225964669428	0	0	0
UCEC	KRAS	0	21	0	0	0	143.384199132531	0	0	0	0	0.854596525932734	0	1	0	0.930225964669428	0	0	0
UCEC	ARID1A	1	3	14	0	28	1.14981161086623	74.5417120694926	74.5417120694926	35.1860412088045	0.84865212089978	0	0	4.66666729611724e-16	0.896497072526272	0	0	0	0
UCEC	PIK3R1	1	6	4	5	18	7.5613112877598	70.8414737257526	70.8414737257526	71.3219321999945	0.00137631189362153	2.91100477056716e-12	3.83915121915379e-12	1.25890413877419e-17	0.742832564851729	1.89816917739449e-08	1.07287823070124e-08	0	0
UCEC	PPP2R1A	1	20	0	0	0	22.6162463292866	0	0	0	3.54161144855425e-13	0.716331434022609	2.49400500251795e-12	1	1.38562006313236e-09	0.930225964669428	8.13128764320936e-09	6.91267043606558e-11	1.93179512957593e-07
UCEC	CTNNB1	2	18	0	0	1	15.9992871567201	0	0	3.66414405080754	1.0024225893801e-10	0.627116577808236	5.60965718321427e-10	0.228119593335354	3.26823178224226e-07	0.930225964669428	1.37170142272547e-06	3.04296532416259e-09	7.44081095890858e-06
UCEC	FBXW7	0	10	0	0	2	17.4481231925431	0	0	8.11494049670371	3.2448851217115e-07	0.672789647275291	1.64571451144457e-06	0.0321638063515869	0.000793455534386506	0.930225964669428	0.00321934672728787	9.39775791741759e-07	0.00204265489311692
UCEC	KMT2B	2	12	3	0	11	2.81981191841603	10.5224892454628	10.5224892454628	11.6346017283374	0.0305468842501653	0.00559270188747341	0.00631384121243639	1.42491148798515e-05	0.742832564851729	0.930225964669428	0.951448088315827	1.54956997655553e-06	0.00303126878813793
UCEC	SPOP	1	10	0	0	0	20.9977185341062	0	0	0	2.79132091884904e-08	0.760242965176642	1.7659462137054e-07	1	7.80054568778927e-05	0.930225964669428	0.000383838220361168	2.92253661726694e-06	0.00499250142150875
UCEC	ARHGAP35	2	4	3	0	7	2.01351754249676	21.0963049004209	21.0963049004209	13.4058817005545	0.292161812774319	0.000719093585833108	0.00285247741236405	6.50714952404526e-05	0.742832564851729	0.639404942093966	0.951448088315827	3.06257116133857e-06	0.00499250142150875
UCEC	KANSL1	0	3	1	2	5	2.66567866760401	26.7233176717871	26.7233176717871	12.9868396737482	0.215692219588675	0.000450658309509189	0.00172145434992466	0.000420247891864331	0.742832564851729	0.564391079405264	0.951448088315827	1.09523032569836e-05	0.0164806889471626
UCEC	CTCF	1	4	2	1	3	4.09871052682456	38.68330940121	38.68330940121	11.8380038564551	0.0471673389303506	0.000126742287385073	0.000216927504601117	0.00461463575848153	0.742832564851729	0.354190375118115	0.326425834231311	1.48298977611372e-05	0.0207216042859547
LUSC	TP53	2	181	36	23	45	69.9958931467162	189.509581079418	189.509581079418	341.536799239835	0	0	0	7.591788219408e-48	0	0	0	0	0
LUSC	CDKN2A	0	24	12	0	18	80.162423969903	558.349172686839	558.349172686839	320.394045001178	4.73230343800424e-11	0	0	1.42654472044357e-25	4.62866599271194e-07	0	0	0	0
LUSC	KMT2D	8	42	24	8	21	2.05560292173134	15.6883076599508	15.6883076599508	11.3393342037253	0.0387413925522305	2.22044604925031e-16	0	2.1596070619933e-05	0.814484207376539	1.08590914038587e-12	0	0	0
LUSC	FAT1	6	26	21	8	9	1.6803215266235	20.3915680269981	20.3915680269981	5.86214327599629	0.213562460884413	1.11022302462516e-16	0	0.0064349667927894	0.814484207376539	7.2393942692391e-13	0	0	0
LUSC	PTEN	1	15	7	3	12	9.33544886299359	45.7820170699285	45.7820170699285	88.8221114854751	0.000541118608134772	1.00220777232707e-08	5.08371745810976e-08	6.89395458557294e-13	0.192461131133317	3.26753140704369e-05	0.000142068115593633	0	0
LUSC	NFE2L2	1	47	0	0	6	23.3644777297206	0	0	29.6073704951584	1.03245634264226e-10	0.523792866021158	4.6745163295725e-11	9.61397644902078e-06	6.73230365825598e-07	0.891028901301235	1.82885776878194e-07	1.63202784619898e-14	5.32095478789074e-11
LUSC	RASA1	0	8	9	3	8	8.99156305679365	97.3764255488735	97.3764255488735	22.8270566413053	0.0354257192811636	2.8821749431529e-09	4.63902338765365e-09	6.57027347614976e-06	0.814484207376539	1.12762212475914e-05	1.51247625848801e-05	9.79105685416926e-13	2.73618077401799e-09
LUSC	RB1	0	6	5	4	7	7.12813684111505	62.6206253013994	62.6206253013994	22.5321969215037	0.0780578474742142	1.2119307283287e-06	2.91899462157019e-06	1.58694724911582e-05	0.814484207376539	0.00338682698679516	0.00713767159839451	1.14859421973534e-09	2.80860001580785e-06
LUSC	NF1	5	19	11	3	7	1.45079353179061	8.05648830851793	8.05648830851793	7.37056723242147	0.426902934986831	8.67407964977307e-06	8.23986067755023e-06	0.0038230749963112	0.814484207376539	0.0188535940120956	0.0154795281049035	5.7563599542565e-07	0.00125117681583517
LUSC	ARID1A	2	5	5	1	8	0.948153397327033	12.6546379443308	12.6546379443308	10.4648973578687	0.945289270041495	0.000381318111953743	0.000245790307459526	0.000568444603182399	0.970424721161966	0.305043422241373	0.160271666484108	2.34497931905775e-06	0.00458724854394077
LUSC	MCHR2	0	8	2	1	3	19.4954955726597	72.8457670088203	72.8457670088203	26.3080154253167	0.00186831897393025	0.000358159449672768	0.000316107186527748	0.000800094614524159	0.385905176816081	0.305043422241373	0.176292404694168	4.09475755069888e-06	0.00728196792788832
LUSC	NOTCH1	6	14	9	1	5	1.11630965206488	8.85649299092979	8.85649299092979	5.84965653366783	0.815404094893981	2.01448271207605e-05	2.16404679797e-05	0.0153179243627626	0.905606323494448	0.0394073108136317	0.0302379167584922	5.27716682163781e-06	0.00860266144707324
LUSC	REG1A	8	16	1	1	3	3.70604394310844	2.95244819941439	2.95244819941439	53.7187620361257	0.00142094224942435	0.22013473433471	0.00527760470782312	0.000107005840083715	0.345507455339114	0.891028901301235	0.706618627603163	8.68951936283668e-06	0.0129057842242419
LUSC	FBXW7	1	10	6	0	4	4.50973557230549	19.9284427887618	19.9284427887618	16.894601243	0.0411197677243185	0.000136851781761371	0.000683856505400038	0.000881513899084922	0.814484207376539	0.178472970321063	0.284629807630543	9.23632446270251e-06	0.0129057842242419
LUSC	DPPA4	1	17	4	0	1	14.1874875282544	24.9380153563845	24.9380153563845	9.80440793446228	1.28495693880737e-05	0.000389841813517755	9.29879921618415e-06	0.0937352313435636	0.0418938793949163	0.305043422241373	0.0154795281049035	1.30333285087714e-05	0.0156638613461803
LUSC	KRT5	1	2	0	0	7	1.09155153872663	0	0	35.4186310322791	0.93510854368452	0.573421458855936	0.839823934119948	1.10851176833488e-06	0.965147845599659	0.891028901301235	0.915360146454437	1.38591742231409e-05	0.0156638613461803
LUSC	KDM6A	0	12	6	3	2	11.5206708220986	59.5729849349868	59.5729849349868	4.18229988812727	0.0111354325504626	1.73098595812604e-06	9.49567208152757e-06	0.10112031953288	0.654342326034747	0.0042326934141077	0.0154795281049035	1.42649252506954e-05	0.0156638613461803
LUSC	OR11H12	3	20	2	0	2	7.17328178184277	9.75172645415122	9.75172645415122	18.2895683181101	3.9757045663058e-05	0.029023093680083	0.000112020839481253	0.00866718309213571	0.0602412393758271	0.891028901301235	0.0952761592144463	1.44131225964239e-05	0.0156638613461803
LUSC	REG3G	1	12	3	0	1	15.2732306122051	24.7040359950031	24.7040359950031	16.990593295517	2.81246758819798e-05	0.00150623689135698	2.4552282182233e-05	0.0560133192615991	0.0596791605728713	0.701547763541078	0.0320194496032562	1.99368924397314e-05	0.0205266047318961
LUSC	BRINP3	8	48	3	1	3	3.7581944561881	2.91356142414319	2.91356142414319	11.696262399	4.3113043209364e-05	0.103078591584903	0.000229350441237841	0.00676279182813472	0.0602412393758271	0.891028901301235	0.16023404755338	2.22987824844978e-05	0.0218104391480873
LUSC	OR5L1	4	19	0	0	2	5.82046935447541	0	0	19.16887448725	0.000113270503162011	0.563716352758244	0.000349637311654161	0.00795012886491295	0.101952303668378	0.891028901301235	0.176292404694168	3.83403776500479e-05	0.0357149746471542
LUSC	ZNF80	3	6	5	0	2	2.10621298451241	17.8084812925386	17.8084812925386	21.827331532927	0.257352815567752	0.000105607559094278	0.000539958543904207	0.00625076336543228	0.814484207376539	0.14756393364302	0.240060659905775	4.58989426467271e-05	0.0408125052752398
LUSC	OR4C15	2	24	0	0	0	10.9603587003806	0	0	0	1.45697912734555e-06	0.626328690517621	4.65358395240756e-06	1	0.0071253564222834	0.891028901301235	0.0101148232529996	6.17896962159525e-05	0.0514476084846577
LUSC	OR5L2	4	18	0	0	2	5.59151534864708	0	0	19.16887448725	0.00019888020777914	0.559628727498709	0.000598982816928051	0.00795012886491295	0.138946236591983	0.891028901301235	0.260384485883256	6.31194460500861e-05	0.0514476084846577
LUSC	OR4C12	5	21	3	0	1	5.18699801838443	12.7456801139434	12.7456801139434	9.64627232261611	0.000104435271578551	0.00338939557776319	6.39756808623604e-05	0.0951449972111144	0.101952303668378	0.891028901301235	0.0698924967625186	7.91875365622197e-05	0.0619626636092056
LUSC	REG1B	1	11	0	0	1	14.4103968711465	0	0	17.9062540120419	6.22592754508933e-05	0.632557788783435	0.000174585146068051	0.0532809293598823	0.0811943964246916	0.891028901301235	0.140583781181483	0.000117068966663969	0.0799019504616589
LUSC	PNLIPRP3	2	17	0	1	3	6.01965569655573	2.40404837781594	2.40404837781594	19.16887448725	0.00123894123660973	0.48989777555061	0.0049375096790778	0.00188735325776953	0.336613450979992	0.891028901301235	0.689911173872285	0.000117263191938943	0.0799019504616589
LUSC	OR4C11	3	16	0	0	2	5.99774239750585	0	0	19.2305107396205	0.000417277340302946	0.5701807098795	0.00118187163222117	0.00790323685097063	0.188719850734726	0.891028901301235	0.354123892531111	0.000117515529371004	0.0799019504616589
LUSC	PIK3CA	3	40	1	0	1	6.12844954365816	1.06654820457734	1.06654820457734	2.7973287371478	3.02183976870207e-05	0.954945173249929	3.48941189646235e-05	0.272475583010364	0.0596791605728713	0.960098549576765	0.0426624221991228	0.00011945022282589	0.0799019504616589
LUSC	KLHL4	1	24	2	1	2	10.5835270196314	10.9489740289073	10.9489740289073	8.29499145634118	7.02029920405245e-05	0.0143481885626148	0.000280442548332371	0.0348556791153992	0.0849468718425241	0.891028901301235	0.171438035327433	0.000122536474483681	0.0799019504616589
LUSC	POM121L12	9	20	0	0	3	2.52814465077739	0	0	30.2054991920303	0.0143644173922886	0.314989054315597	0.021029991373763	0.000545998515273972	0.682767388902721	0.891028901301235	0.915360146454437	0.000142090563128194	0.0896637289004431
READ	TP53	0	36	7	5	7	560.890263852467	1993.67313776176	1993.67313776176	427.609445891919	0	0	0	5.1114704418721e-13	0	0	0	0	0
READ	KRAS	0	16	0	0	1	773.5475658666	0	0	126.675279459711	0	0.944108290585322	0	0.00782789424617819	0	0.978311685692902	0	0	0
READ	APC	0	1	53	1	25	3.40080777779557	1549.03931243011	1549.03931243011	211.57087814122	0.451049030454738	0	0	5.07299078099248e-24	0.892055135066464	0	0	0	0
READ	FBXW7	0	4	4	0	3	48.7113541573874	313.267749159829	313.267749159829	101.984335158242	0.000279542922236975	1.98423997010977e-07	6.67865068804119e-08	2.7230373680383e-05	0.277842746104459	0.00129385674317624	0.000261295529518923	5.09813302684847e-11	2.49324195678025e-07
READ	SMAD4	0	6	0	0	2	86.6389352333971	0	0	87.0463041495303	1.82242740154326e-06	0.904975045932428	1.0530106469564e-05	0.000539034931774354	0.00891258120724731	0.978311685692902	0.0343316571262684	1.13448128225002e-07	0.000443854456867498
READ	NRAS	0	6	0	0	0	268.86690143101	0	0	0	2.76172384960915e-09	0.940168596754818	2.04703091144509e-08	1	1.80082806486848e-05	0.978311685692902	0.000100110046724222	3.8288260495456e-07	0.00124832491968685
READ	SOX9	0	0	2	0	2	0	406.974098728565	406.974098728565	94.3855023425299	0.656741724097677	5.42061651018777e-05	0.000184873163877164	0.000460223357017861	0.892055135066464	0.265095250430733	0.361648883176508	1.47020264495978e-06	0.00410858630581476
READ	ZFP36L2	0	0	0	0	4	0	0	0	194.491338160365	0.636439622520275	0.943411364647806	0.892455737714231	2.13580725177002e-07	0.892055135066464	0.978311685692902	0.995197826800322	3.13994625500413e-06	0.00767795358004886
READ	PIK3CA	0	7	0	0	1	58.3809997246965	0	0	22.5147830658046	5.94309949397687e-06	0.841654735195584	2.82042097751178e-05	0.0423965017802791	0.0232517824602351	0.978311685692902	0.0788186788029793	1.75020122614722e-05	0.0380415959843243
READ	HNRNPAB	0	0	0	0	3	0	0	0	216.831559435542	0.734538653032283	0.913907697190663	0.939161154273337	2.98039822762135e-06	0.892055135066464	0.978311685692902	0.995197826800322	3.85886583700312e-05	0.0754871335034551
READ	TCF7L2	0	3	2	0	1	29.9658976379443	189.860825171547	189.860825171547	38.8198437053954	0.00375607119397459	0.00026598347592599	0.000132536298840469	0.0250674427473785	0.790067362328289	0.978311685692902	0.288075008657472	4.52332082635509e-05	0.0804410927319621
BLCA	TP53	2	64	22	1	14	56.8746755662987	179.649362562156	179.649362562156	308.753146235059	0	0	0	1.85859022537153e-17	0	0	0	0	0
BLCA	PIK3CA	0	44	0	0	0	23.1387729897791	0	0	0	0	0.46346552136965	0	1	0	0.890767361135012	0	0	0
BLCA	RB1	0	4	15	10	12	2.23679640609712	95.8347356313134	95.8347356313134	112.239341488495	0.262662433590102	0	0	3.99862609338448e-11	0.769450602825181	0	0	0	0
BLCA	KMT2D	6	20	33	4	14	1.48839631667171	25.5181881043001	25.5181881043001	21.9661862796341	0.296176925158346	0	0	2.90474731345563e-05	0.769450602825181	0	0	0	0
BLCA	ARID1A	3	8	19	1	15	1.50783638984208	34.5862028449648	34.5862028449648	57.0157197303212	0.428038710025716	0	0	5.0350990201371e-09	0.772497320677119	0	0	0	0
BLCA	CDKN2A	0	11	2	2	5	34.1748493120907	196.122490492462	196.122490492462	258.6070144911	2.29848584609726e-10	2.35210484422765e-08	1.56541446472147e-14	1.05803608425698e-08	1.12407450303387e-06	6.57312499468305e-05	5.10377295981357e-11	0	0
BLCA	ELF3	2	11	1	1	10	10.73193448003	16.8578037415898	16.8578037415898	233.580529217768	2.60031962961982e-06	0.00813156275378879	1.99935380496008e-06	4.93413138815219e-13	0.00565193917718032	0.890767361135012	0.00279366850947351	0	0
BLCA	CDKN1A	0	2	1	0	13	5.89614230942032	22.9049360015663	22.9049360015663	684.603296543712	0.0736221820689689	0.041967575461049	0.0335843824286944	5.59822484743057e-21	0.769450602825181	0.890767361135012	0.935295267746817	0	0
BLCA	KDM6A	2	6	10	1	14	1.75440235418847	21.1941762544285	21.1941762544285	85.0690486829464	0.334492573147315	4.25125978864571e-09	2.19630796882697e-08	1.2488576097178e-10	0.769450602825181	1.38605239975812e-05	4.7737973873548e-05	1.11022302462516e-16	2.4131314230797e-13
BLCA	ZFP36L1	1	3	1	0	10	4.1871859159383	24.030061354744	24.030061354744	256.318456840736	0.0733637546234126	0.0388360919113687	0.0318124561419959	2.06426460893032e-13	0.769450602825181	0.890767361135012	0.935295267746817	2.21045404202869e-13	4.32409019701652e-10
BLCA	EP300	1	19	13	0	5	4.51392638218254	22.3526343124178	22.3526343124178	17.9900531819896	0.000814590449720209	5.51770407142271e-10	2.67927646735444e-09	0.0012579483418477	0.566504862558054	2.15874654090342e-06	6.55150078179845e-06	9.24026410942247e-11	1.64325496825929e-07
BLCA	HRAS	0	12	0	0	0	35.0511036409507	0	0	0	4.36741753873093e-11	0.834060881193015	3.3977431979082e-10	1	2.84784739642182e-07	0.890767361135012	9.49523606249717e-07	7.74778530221454e-09	1.26301813401601e-05
BLCA	STAG2	3	4	6	0	7	0.929326537325871	10.8923978958269	10.8923978958269	47.930945475419	0.906777613158444	0.000139637649899438	0.000369854282340154	3.71366861806892e-06	0.962525566694095	0.151755094851822	0.264835007184325	2.9401340029267e-08	4.14949746170449e-05
BLCA	KMT2C	6	13	13	2	6	0.831414428354381	7.15920879364415	7.15920879364415	10.613838379765	0.662834653081488	1.89119708626784e-06	2.630140641946e-07	0.00527728901585863	0.84515522640986	0.00369955974015714	0.000428756760314564	2.96968430957278e-08	4.14949746170449e-05
BLCA	FBXW7	0	10	6	0	1	7.3689314450094	36.5999216981444	36.5999216981444	12.2728752639844	0.000318447535974098	4.18652689848642e-07	1.46131956646478e-07	0.0735208044465928	0.342029173233159	0.00102371048985239	0.00028586333359184	2.07879990110627e-07	0.000271103224436272
BLCA	FOXQ1	3	1	2	0	4	0.837310867386091	42.3148128088199	42.3148128088199	86.0316404643659	0.865249564268992	0.00114714046119135	0.00461977085713006	1.04291873680598e-05	0.944005129739544	0.623343380606257	0.935295267746817	8.59939826791667e-07	0.00105138393073116
BLCA	TSC1	2	7	6	1	2	2.28757876827399	22.1425104372414	22.1425104372414	14.9170741406025	0.139195219668141	7.23540125702193e-07	4.55981096170177e-06	0.0169314578376374	0.769450602825181	0.00157265465988737	0.00557493887705063	1.34156363773563e-06	0.0015437451694932
BLCA	FOXA1	2	1	0	0	6	0.839828698413831	0	0	110.222355436376	0.869073070486291	0.738074592315223	0.934219085706554	1.12991665044837e-07	0.946043977827032	0.890767361135012	0.941874645909993	1.80125785076424e-06	0.00195756700425833
BLCA	ERCC2	1	17	0	0	0	11.726337306667	0	0	0	5.43920196660608e-08	0.576920848080201	2.23585171377216e-07	1	0.000212803337741496	0.890767361135012	0.000397615738407373	3.64745074932227e-06	0.00375533850306538
BLCA	RHOB	0	9	0	0	0	23.586504715589	0	0	0	9.38802997563215e-08	0.872366474140593	6.24188632558642e-07	1	0.00030608107063886	0.893380925818301	0.000939259848470166	9.54185503898586e-06	0.00933288841363207
BLCA	RHOA	0	8	0	0	0	22.1304503582976	0	0	0	5.27569266606243e-07	0.805468489110502	3.16154001245295e-06	1	0.00147432999905019	0.890767361135012	0.00412306971490697	4.32007095437781e-05	0.0402424895283518
BLCA	BTG2	0	5	0	0	1	21.0822197230485	0	0	54.6490294773645	3.99495994416466e-05	0.861809747103079	0.000209801243855279	0.0178614127704167	0.0651245053564575	0.890767361135012	0.17100549717904	5.05684285276864e-05	0.0449645272208455
BLCA	ERBB3	1	20	0	0	0	7.75214727588609	0	0	0	2.58752747950286e-06	0.427103930120823	5.51423831729458e-06	1	0.00565193917718032	0.890767361135012	0.00634526646840686	7.22816120261038e-05	0.0614770823675932
BLCA	FAM135B	2	15	0	0	3	4.54445201696914	0	0	18.5270696948848	0.000839824200704609	0.406900320306721	0.00172373008983118	0.0043161262691543	0.566504862558054	0.890767361135012	0.666546149752432	9.52943513389259e-05	0.0776728375371696
BLCA	TRAF3IP2	0	5	4	1	0	4.88701421188752	33.9283155635346	33.9283155635346	0	0.0208380761255793	4.04574984202988e-06	9.53544375048576e-06	1	0.769450602825181	0.00659524653414904	0.0103629083692779	0.000119769891461341	0.0937175446706701
COAD	TP53	1	77	14	5	8	59.3739138862329	173.317403964699	173.317403964699	22.0208176986368	0	0	0	7.63968185725078e-07	0	0	0	0	0
COAD	PIK3CA	0	60	1	0	3	40.3071074875894	3.73504813662822	3.73504813662822	3.04356951821663	0	0.317499444354173	0	0.10136192384175	0	0.893156279059055	0	0	0
COAD	KRAS	0	66	0	0	0	228.2916696718	0	0	0	0	0.800442783262338	0	1	0	0.893156279059055	0	0	0
COAD	APC	1	12	117	5	57	2.88232843985724	256.980976888099	256.980976888099	21.7362659931428	0.0562405302589859	0	0	1.51992533227213e-16	0.756726456927563	0	0	0	0
COAD	SOX9	0	10	4	1	21	7.40107943884349	93.6244217466986	93.6244217466986	44.6569229506178	0.000989252138680841	5.80101248148779e-08	5.62751844013221e-08	1.76857273215243e-16	0.730081779851591	0.00016211343737552	0.000110085515725866	0	0
COAD	AMER1	2	4	13	0	5	1.27860697252766	52.1902003641782	52.1902003641782	4.7734386956772	0.720088817016902	3.37507799486048e-14	3.81916720471054e-14	0.0154649980857259	0.894032586854826	2.20077585784869e-10	1.49421097717095e-10	2.1316282072803e-14	6.94981849846954e-11
COAD	B2M	0	3	0	5	5	11.3682159493863	153.823718901631	153.823718901631	45.1885529857442	0.0077722536324919	4.78663642056176e-09	7.2292032360366e-09	1.19670076362033e-06	0.756726456927563	1.87272363318058e-05	1.57130748559275e-05	2.88769008705003e-13	8.06985621183896e-10
COAD	FBXW7	1	17	9	0	4	11.5521728058711	38.5708101309707	38.5708101309707	6.12726142179582	4.40198893891797e-07	2.18681051045166e-09	5.425337956666e-11	0.0115250934444278	0.00143519512705189	1.06945968013639e-05	1.76884101847167e-07	1.81958892397915e-11	4.44934981636003e-08
COAD	BRAF	1	28	1	0	4	15.3687443472554	3.38188685369274	3.38188685369274	5.36893698840525	1.05099595693048e-10	0.340506354545645	7.34894145537623e-10	0.0170034558582038	5.1398957273685e-07	0.893156279059055	1.79699990937587e-06	3.2620917078674e-10	7.09033755436689e-07
COAD	SMAD4	0	19	4	0	2	19.8348673901234	40.934311879493	40.934311879493	3.92233371304832	2.26040675066486e-09	2.31944624047298e-05	3.20655280106052e-10	0.103749080784369	8.84361537130118e-06	0.0453730073561324	8.96094084204943e-07	8.35898461559736e-10	1.55675894878113e-06
COAD	ARID1A	1	8	8	0	14	2.08382079187573	33.5920206587607	33.5920206587607	6.64188705302277	0.229344024663696	3.16440607051049e-08	1.63045335344059e-07	0.000214088475802728	0.756726456927563	0.000103170185918877	0.000289953895454589	8.75388428411839e-10	1.55675894878113e-06
COAD	BMPR2	0	7	6	0	7	4.39495991502928	34.5327544042404	34.5327544042404	7.30671501598174	0.0278307889631344	1.55650440825106e-06	7.6888602382752e-06	0.00115995819694408	0.756726456927563	0.0033831488038008	0.0115699603062415	1.74228882321437e-07	0.000284022116330995
COAD	ZFP36L2	0	0	0	0	10	0	0	0	21.9096014476335	0.121034671086554	0.828264995388686	0.296166231321697	9.61628853628848e-08	0.756726456927563	0.893156279059055	0.957220086183782	5.23296799115336e-07	0.000787440921868785
COAD	HLA-B	1	1	0	2	6	0.679251771205047	25.6898752868209	25.6898752868209	17.9260375480638	0.722961480211639	0.00400979353075304	0.0114603303242977	2.56829486967119e-05	0.895836604541717	0.893156279059055	0.957220086183782	4.72070694790272e-06	0.0062232820302127
COAD	TGIF1	0	1	2	0	6	0.981857953562302	39.8497226945526	39.8497226945526	16.1869443531024	0.987556418100558	0.00186858129822431	0.00683679311035446	4.35503894289908e-05	0.996090336910926	0.893156279059055	0.957220086183782	4.77196761339282e-06	0.0062232820302127
COAD	PTEN	0	5	1	1	5	7.83588856994866	23.2530818557406	23.2530818557406	13.4223424710131	0.00571563062124925	0.00569996252525706	0.00162737920836997	0.000299108104134574	0.756726456927563	0.893156279059055	0.877316973961703	7.5620909480989e-06	0.00924560144541942
COAD	SMAD2	0	4	6	0	0	5.19537227496601	50.6099105094824	50.6099105094824	0	0.037661501973045	1.72447754520633e-07	8.48410067755268e-07	1	0.756726456927563	0.000421677871741577	0.00138304981211905	1.27090994566093e-05	0.0146244355041288
COAD	TCF7L2	1	6	4	0	4	3.41907397819475	22.6107780229151	22.6107780229151	6.99693723650233	0.0594649088424229	0.000153332086056945	0.00048734562172148	0.00768852092356319	0.756726456927563	0.230729405188151	0.47667275260578	5.05636855275826e-05	0.0537056866566261
COAD	ZNRF3	3	5	4	0	5	1.15750022489961	21.5280689598928	21.5280689598928	5.78722130020203	0.812296007384537	0.000117110080482985	0.000481694637452512	0.00804477010500376	0.936220924670372	0.208264308582559	0.47667275260578	5.21627669193281e-05	0.0537056866566261
COAD	ERBB4	0	17	0	0	4	8.73797032130236	0	0	3.31405736182692	4.90279692316742e-05	0.508733908328955	0.000101274150283048	0.0613730475661775	0.112316778616519	0.893156279059055	0.137378714483615	8.072983926255e-05	0.0789618557827001
BRCA	TP53	1	146	32	15	43	144.618644773408	428.332957034238	428.332957034238	479.325058559048	0	0	0	5.50555800156277e-56	0	0	0	0	0
BRCA	PIK3CA	5	242	0	0	10	53.7053923866991	0	0	41.0847070881861	0	0.26206099320451	0	4.24976035370934e-09	0	0.882744425489893	0	0	0
BRCA	CDH1	2	10	20	7	54	4.12372556996548	124.595776272759	124.595776272759	262.351305461574	0.00636285493110456	0	0	2.41870222620352e-52	0.753079889874408	0	0	0	0
BRCA	MAP3K1	4	19	15	1	48	3.52974872282954	27.8591932990254	27.8591932990254	139.334996041573	0.00195750157304531	7.32747196252603e-14	5.91526827520283e-13	3.32724247988085e-37	0.753079889874408	4.77800021769781e-10	2.89286194998795e-09	0	0
BRCA	MAP2K4	0	9	5	2	7	11.953822100503	71.0024083817975	71.0024083817975	74.8021564819699	3.00503168614297e-05	1.24180465910229e-09	1.55159773918001e-10	4.19743967390434e-09	0.0979740497405479	4.85843654827178e-06	6.07047099476787e-07	0	0
BRCA	PTEN	0	12	4	0	13	15.1426218961076	42.657035559938	42.657035559938	141.325290694189	5.82578310592829e-07	1.39915385674039e-05	1.24587020700062e-08	8.59353715542428e-17	0.00227927938236339	0.0228085397879629	3.04646412366827e-05	0	0
BRCA	GATA3	1	9	3	1	47	8.77185032731864	58.6975757637122	58.6975757637122	463.869424321737	0.000120423311244844	2.81053263739839e-06	1.50483359218079e-07	7.34563742562825e-59	0.235572081457164	0.00549796394527873	0.000287600700139355	0	0
BRCA	TBX3	0	6	0	1	18	4.53899616145234	12.88345908579	12.88345908579	106.256980348236	0.0229883009192484	0.0813503439977458	0.0283144096495863	9.01554505917193e-19	0.753079889874408	0.882744425489893	0.941378768683252	0	0
BRCA	KMT2C	4	19	16	2	21	1.58484255915381	12.3650765309349	12.3650765309349	18.7766813807551	0.274664045740961	1.24144439173079e-09	1.35502864484494e-09	1.88878464429587e-08	0.753079889874408	4.85843654827178e-06	4.41784505840944e-06	9.99200722162641e-16	2.17181828077173e-12
BRCA	PIK3R1	4	9	1	0	14	3.08202133695353	2.71522915911382	2.71522915911382	84.8101691423162	0.0245986181490349	0.408246399493286	0.0712934289321142	9.14497092373136e-15	0.753079889874408	0.882744425489893	0.941378768683252	2.34257058195908e-14	4.58253657242835e-11
BRCA	RUNX1	2	7	2	1	10	4.69517633588322	22.4310765730952	22.4310765730952	91.3088396616859	0.00790805347354195	0.000646225321825122	0.000321466055727249	3.02530805924083e-12	0.753079889874408	0.549628684588828	0.330974683270339	3.46389583683049e-14	6.16006639637073e-11
BRCA	GPS2	0	1	2	0	8	1.69982464184886	22.5134677006422	22.5134677006422	107.120858237246	0.6580640768259	0.00544852793010786	0.0209580185690654	4.16739035954446e-11	0.840628316297629	0.882744425489893	0.941378768683252	2.51246801141747e-11	3.88984348492344e-08
BRCA	CBFB	1	10	0	1	4	17.4734732246159	14.9390418588533	14.9390418588533	93.4458550580232	2.66089350664522e-07	0.0669301536012602	7.93787032660198e-07	1.13322964355337e-06	0.00130130996942485	0.882744425489893	0.0012940051610749	2.58500998384648e-11	3.88984348492344e-08
BRCA	CDKN1B	1	0	4	0	4	0	89.6356726969282	89.6356726969282	85.2806832568367	0.312061415994226	5.06395859023456e-07	1.24975687942896e-06	1.61665265057778e-06	0.753079889874408	0.00123826447427711	0.00188059569810688	5.6425752958944e-11	7.88428985273474e-08
BRCA	ARID1A	1	7	8	1	7	1.79874972930365	25.2747222078365	25.2747222078365	13.4486816772046	0.328927958728165	3.74943608383305e-08	1.61722099045747e-07	0.000141659927418045	0.753079889874408	0.000104780669531346	0.000287600700139355	5.84181147900154e-10	7.6185010768152e-07
BRCA	NCOR1	1	13	11	1	6	2.80074885823349	20.211897214647	20.211897214647	10.7954654348064	0.0465654203565006	9.18703646490826e-09	6.13899121537642e-08	0.000752939040023883	0.753079889874408	2.99528012210892e-05	0.000133434384616882	1.14621356850364e-09	1.40138936419176e-06
BRCA	AKT1	0	18	0	0	1	19.452352043008	0	0	9.13088396616858	6.68861299679691e-10	0.660161975997641	3.26427984642663e-09	0.100799126325494	4.3614215814447e-06	0.882744425489893	9.1222631936854e-06	7.51350115457683e-09	8.64582997563717e-06
BRCA	RB1	3	6	8	0	4	1.91120880538089	16.3010611250324	16.3010611250324	18.9104636715913	0.260949252586911	1.32460554846947e-06	8.19014782071914e-06	0.000447851489238822	0.753079889874408	0.00287910374879553	0.0114439765477791	7.49132508248707e-08	8.14140562575622e-05
BRCA	ZFP36L1	0	2	0	0	6	3.09444069634398	0	0	77.7337201367627	0.237451438126593	0.802461922800056	0.477214283815954	2.50850627884686e-08	0.753079889874408	0.882744425489893	0.941378768683252	2.30330455708305e-07	0.000237143388135046
BRCA	FOXA1	1	10	0	0	4	8.45944665424462	0	0	37.141270086487	9.02144001759808e-05	0.757037410099366	0.000413821310074947	3.85905211538885e-05	0.196086010693615	0.882744425489893	0.385484403223148	3.02664745710501e-07	0.000296036387779441
BRCA	SPEN	8	12	6	0	11	0.806544177256759	4.8274471284065	4.8274471284065	13.181857316507	0.604417506198362	0.0053114315965419	0.00726803470515514	2.07315735623107e-05	0.811658218191273	0.882744425489893	0.941378768683252	2.51754301272555e-06	0.00234515125785416
BRCA	NF1	2	8	4	3	6	1.39793093268555	9.97402109759777	9.97402109759777	9.27877856562061	0.545376135424808	0.000134900481350786	0.000479396541682608	0.00144759578619628	0.783883024333585	0.18849451544172	0.426270688563418	1.05350797534598e-05	0.00936760136987184
BRCA	ERBB2	3	19	0	0	2	5.49951208565461	0	0	6.99355921612594	4.61748034260578e-05	0.403941429028395	0.000100087252431602	0.0440396643503814	0.112908938077568	0.882744425489893	0.115170990121588	5.87654950565675e-05	0.0499813310563727
BRCA	XBP1	0	0	0	0	4	0	0	0	46.5989940342397	0.253397808262103	0.69789806607017	0.489527371736914	1.64404837558537e-05	0.753079889874408	0.882744425489893	0.941378768683252	0.000102452523335961	0.083507344229086
LUAD	TP53	4	72	19	13	11	17.9471511767821	60.5042392871385	60.5042392871385	124.835544887242	0	0	0	1.97850883404898e-14	0	0	0	0	0
LUAD	KRAS	0	63	0	0	0	652.041748630513	0	0	0	0	0.866526286006617	0	1	0	0.937450246950902	0	0	0
LUAD	STK11	0	7	4	4	9	39.4852898741419	378.804319419322	378.804319419322	92.7245165836113	0.00322524955201742	3.24103643922768e-09	2.46837995598881e-08	1.72786031943633e-11	0.390824234814707	3.1700577412086e-05	0.000160954828996844	0	0
LUAD	RBM10	0	3	5	4	7	9.94308894896755	204.442301090552	204.442301090552	31.4253772178727	0.174065751738599	1.05801776451031e-07	5.74257110752541e-08	1.08474639415402e-06	0.820495612893276	0.000517423587733767	0.00028084044001353	1.95643501399445e-12	9.56794543593986e-09
LUAD	KEAP1	1	25	3	1	4	17.6715312886435	31.6789969804952	31.6789969804952	28.6168463625154	1.89923007976045e-06	0.000251241129900159	2.09654626703859e-06	0.00010123607782496	0.00928818470506848	0.446798089373356	0.00410126380758089	4.93966223480413e-09	1.93259345274477e-05
LUAD	NF1	4	13	6	7	6	1.30993095829704	8.96251337980546	8.96251337980546	9.44658220593599	0.623206090236703	1.52446087876568e-05	6.03404631982496e-06	0.00134149448876955	0.85332558663624	0.0426021481577345	0.0107307285553105	1.58914486125816e-07	0.000518114196265536
LUAD	RB1	0	6	4	2	5	20.5316660867135	108.243791468149	108.243791468149	24.0655664377989	0.0309353339224951	5.60595028066269e-05	0.000279808368064849	5.09619161416032e-05	0.683021447169131	0.109663599390323	0.237983099829764	2.71870656209927e-07	0.000656555827016773
LUAD	EGFR	1	22	1	0	6	11.4550072271764	3.64093576484881	3.64093576484881	22.1538344053329	0.00017221233769793	0.364483540160118	0.000632902316751616	2.40609253283306e-05	0.191157471996124	0.937450246950902	0.400702601554978	2.8933785656271e-07	0.000656555827016773
LUAD	ARID1A	1	7	8	1	3	2.79328322115614	37.4303607332631	37.4303607332631	5.86795570097511	0.245682409035131	5.20671790349425e-07	5.28626546203448e-07	0.0301464134756594	0.838115307244861	0.00203707631256309	0.00169833194246628	3.02065353396941e-07	0.000656555827016773
LUAD	MGA	3	8	10	1	4	0.972409932755745	11.1735280584183	11.1735280584183	5.8335058632003	0.966368297712441	1.81668470902174e-05	1.4936000483079e-06	0.0184349706447431	0.981113589363233	0.0444224828473542	0.00324642268277768	5.06849817782928e-07	0.000991499613546965
LUAD	ATF7IP	0	2	6	1	1	5.5313783173192	157.242935247074	157.242935247074	3.49599862716422	0.370935339964418	3.43073675213024e-06	1.14504365722468e-06	0.23284272594076	0.85332558663624	0.0111853453908619	0.00279991800282864	4.30249025129559e-06	0.00765139220871312
LUAD	OR5L1	1	20	0	0	0	25.4253739404304	0	0	0	7.6585619956937e-08	0.760300523562651	3.22170083721929e-07	1	0.000499389299199201	0.937450246950902	0.00126045823555367	5.13802848989275e-06	0.00837584277660684
LUAD	CMTR2	0	8	7	0	0	29.7669894605804	284.286315340717	284.286315340717	0	0.00784016108899621	9.02707788519308e-08	6.07725365364686e-07	1	0.512819515138617	0.000517423587733767	0.00169833194246628	9.30642836804996e-06	0.0140040270565995
LUAD	OR4A15	2	20	1	0	1	12.2922277135858	8.6786897286185	8.6786897286185	12.9605282438929	2.40701892229023e-06	0.133685150280763	1.38424530490289e-05	0.0727347326750249	0.00941722083156829	0.937450246950902	0.0225655055454252	1.49098074833098e-05	0.0208332609991791
LUAD	REG1B	0	9	0	1	1	103.856669297504	69.2025422543289	69.2025422543289	26.7747439769044	1.20431505770124e-05	0.0385933660140998	5.67134969993166e-05	0.0362836434846434	0.0392646852645862	0.937450246950902	0.0834733060206262	2.90020094562138e-05	0.0378224872654969
LUAD	REG3A	4	16	0	1	1	7.87786149738684	3.23877259570517	3.23877259570517	25.4055809326309	1.68919511885912e-05	0.351858899109768	9.55804974562824e-05	0.0381802145941773	0.0414732273619329	0.937450246950902	0.109985040661164	4.93418932204781e-05	0.060326632198687
LUAD	OR5W2	0	11	0	0	1	86.0788694381836	0	0	14.3774348686271	1.90808223217154e-05	0.89284710045182	7.77110002031511e-05	0.0659409462706294	0.0414732273619329	0.937450246950902	0.0991327467731828	6.75464950191662e-05	0.0777261491508782
CESC	PIK3CA	0	34	0	0	0	27.9394019006837	0	0	0	0	0.543971646608989	0	1	0	0.923515834402778	0	0	0
CESC	HLA-B	0	1	4	1	4	2.06474751718604	134.767813673996	134.767813673996	73.5444100796025	0.536867465168435	1.93738103337893e-09	1.47957430751688e-08	1.16685334504367e-06	0.746851080027244	1.89495238874793e-05	5.78868652072906e-05	5.64326363416967e-13	5.51967616058135e-09
CESC	PTEN	0	2	5	1	1	3.91751685775338	108.940314111344	108.940314111344	16.5201861750592	0.139280750036786	2.36241359807821e-10	1.32155342225104e-09	0.0582808905533787	0.746003542688205	4.62135348056059e-06	1.29261140230374e-05	1.87061188761106e-09	1.21976365818159e-05
CESC	FBXW7	0	11	4	0	0	12.8952905656927	37.7517359326885	37.7517359326885	0	3.63103219824801e-07	1.11039610251051e-05	2.34372143914641e-09	1	0.00236767506207092	0.0310308122247295	1.5282626264194e-05	4.89170425277408e-08	0.000239228796481916
CESC	HLA-A	2	2	3	1	2	3.22821121139836	74.2024316087208	74.2024316087208	35.8825549178706	0.188769727053895	5.83082604310725e-07	2.42464742528092e-06	0.00185984712024296	0.746003542688205	0.0028515654763816	0.00677585041904935	9.11684115978417e-08	0.000356687293535396
CESC	MAPK1	1	11	0	0	0	22.1388983281591	0	0	0	1.12881848313151e-09	0.774392365823015	8.03473210186922e-09	1	1.10409735835093e-05	0.923515834402778	3.92938573441914e-05	1.57798058286751e-07	0.000514474269367571
CESC	FAT1	3	2	6	1	4	0.318875411276574	13.5737112172712	13.5737112172712	5.81499038529639	0.100866631095785	7.60850768899424e-06	1.22234774169172e-06	0.0115823745063792	0.746003542688205	0.0248062712353509	0.00398526108716224	2.70029720916831e-07	0.000754617342939293
CESC	STK11	1	7	1	0	2	11.9025585511035	25.1433404905473	25.1433404905473	30.7564756438891	2.53666701260924e-05	0.0357077513192218	2.61813855005899e-05	0.00250799038579676	0.0992445602013239	0.923515834402778	0.051216026316254	1.15164007197244e-06	0.0028160478859906
CESC	KMT2D	5	12	9	1	3	1.41731098674658	11.531189606631	11.531189606631	3.61546869703355	0.398831897359064	5.40367254164842e-07	2.98572731671776e-06	0.0682278989884772	0.746003542688205	0.0028515654763816	0.00730084972120409	3.34218054010016e-06	0.00726441508060437
CESC	PIK3R1	1	5	1	0	4	4.79792469479968	8.43255509096098	8.43255509096098	36.8229253226148	0.0130646007253462	0.121113703117529	0.0187226429409315	1.70091879978509e-05	0.746003542688205	0.923515834402778	0.940160544093966	5.08250244901642e-06	0.00994239129076593
CESC	KMT2C	4	12	7	0	6	1.49747176252176	6.42435387162923	6.42435387162923	8.15246972482564	0.339014831289095	0.000654584055617691	0.00300563290331535	0.000839047806749833	0.746003542688205	0.923515834402778	0.940160544093966	3.50300561949846e-05	0.0622961781169353
CESC	RB1	0	3	3	0	3	2.61341579753545	17.1363663943063	17.1363663943063	21.5527079054594	0.19997187519778	0.00130255820554825	0.00390861434960188	0.000726539216367993	0.746003542688205	0.923515834402778	0.940160544093966	3.91086017764719e-05	0.0637535389959453
CESC	NFE2L2	1	9	0	0	1	10.0459039497049	0	0	11.0134574500395	1.16407532502194e-05	0.668430916403385	5.5939219397505e-05	0.0858085563265006	0.056929103770198	0.923515834402778	0.0994802736230903	6.35858738911033e-05	0.0956820665429048
CESC	EP300	0	5	3	1	4	2.07798055481519	12.0098813161037	12.0098813161037	11.0545013908471	0.231173837969241	0.000982826697973005	0.00378346676368602	0.0014150248801909	0.746003542688205	0.923515834402778	0.940160544093966	7.03354209302676e-05	0.0982786788741353
UCS	TP53	0	12	1	1	3	542.675457235452	933.788618245101	933.788618245101	1725.70954949239	0	2.50792123512866e-06	0	1.07797519066772e-06	0	0.0490599552015869	0	0	0
UCS	FBXW7	0	4	1	0	0	127.394498577599	236.15323229633	236.15323229633	0	1.00034949701566e-06	0.00279385406465749	4.96090504120694e-07	1	0.00569918487948295	0.987812337256384	0.00485226122080451	7.69759200747178e-06	0.0752901474250814
HNSC	TP53	8	195	60	21	66	40.94007214326	160.441875139787	160.441875139787	638.524626581626	0	0	0	4.51895805298678e-68	0	0	0	0	0
HNSC	PIK3CA	0	71	0	0	1	45.5032508452776	0	0	3.56576101813023	0	0.518672537635226	0	0.218533624597743	0	0.879318594004594	0	0	0
HNSC	CDKN2A	1	18	41	4	15	26.4711146122583	1141.89982838719	1141.89982838719	340.339154319752	1.18792975456472e-10	0	0	3.07422553249984e-21	5.80957046469877e-07	0	0	0	0
HNSC	CASP8	1	27	15	4	7	18.7863807166948	110.411538126892	110.411538126892	49.5038769919639	3.26655702487244e-10	0	0	4.85380685490748e-07	1.27800777041109e-06	0	0	0	0
HNSC	KMT2D	0	24	20	7	20	8.09610501065018	99.4795729043386	99.4795729043386	13.7659751837531	0.000704627139062719	0	0	3.17829382012359e-05	0.296849532488935	0	0	0	0
HNSC	FAT1	7	24	45	3	48	1.54763651680741	39.1948181228087	39.1948181228087	39.8532627667825	0.258725913653216	0	0	3.72347176501679e-13	0.785868750340396	0	0	0	0
HNSC	NSD1	1	19	20	1	16	4.26885568969957	46.5130684707956	46.5130684707956	22.6135619036335	0.0102949568812909	1.4432899320127e-15	1.88737914186277e-15	8.70582774209523e-07	0.785868750340396	4.70560627500542e-12	5.27441582473135e-12	0	0
HNSC	NOTCH1	5	46	15	3	14	5.45708450060375	30.2367015331116	30.2367015331116	20.8783956953588	9.31868432196836e-07	3.44169137633799e-15	6.10622663543836e-15	3.18651981823757e-06	0.00303820171177242	9.61805238627481e-12	1.49312506803057e-11	0	0
HNSC	AJUBA	1	5	6	0	14	3.14893293811671	46.9184582440513	46.9184582440513	99.0077539839278	0.124139122927452	3.06121203275111e-07	2.0316964519651e-06	2.45219011531003e-13	0.785868750340396	0.000499028581538978	0.00283886042809581	0	0
HNSC	EPHA2	0	8	6	2	11	6.19344651530818	75.2934366873992	75.2934366873992	42.9168718650905	0.0152106204893332	2.78302692002796e-09	2.12061094240212e-08	2.90457106023737e-08	0.785868750340396	6.04906362328745e-06	3.45694927127253e-05	2.22044604925031e-14	4.20542994367617e-11
HNSC	HLA-A	2	5	5	3	7	3.09127712362926	49.8509026233174	49.8509026233174	71.7273916630875	0.103040248835761	1.77889081243165e-09	1.37596873894807e-08	4.78389446487042e-08	0.785868750340396	4.3498327590985e-06	2.44697277011838e-05	2.36477504245158e-14	4.20542994367617e-11
HNSC	HRAS	0	23	1	0	1	59.312038677944	34.4885067076024	34.4885067076024	20.0620975177959	3.33066907387547e-15	0.0315839552120806	2.34257058195908e-14	0.0474540180823804	2.17181828077173e-11	0.879318594004594	5.09170730269817e-11	3.94129173741931e-14	6.42496241394971e-11
HNSC	HLA-B	0	11	4	2	6	15.9794038868435	92.1282501229216	92.1282501229216	63.0049343534086	3.08464517146945e-05	2.94343243112394e-08	8.01698318841915e-09	4.62745563655291e-07	0.0402278858961902	5.75794252176465e-05	1.56828225131855e-05	1.27009514017118e-13	1.91120008707912e-10
HNSC	KRT5	0	5	1	0	12	5.42418527144846	15.3373226628039	15.3373226628039	77.3969244341364	0.0437912075041581	0.0774568270925712	0.0550313786070198	4.02873890612408e-11	0.785868750340396	0.879318594004594	0.936945721046609	6.17117468237893e-11	8.62289422404976e-08
HNSC	PTEN	0	3	5	0	3	3.98009515779979	57.0931927313863	57.0931927313863	28.3054346166922	0.15116732193476	2.58855759538434e-06	1.5873669474642e-05	0.000898758955792423	0.785868750340396	0.00389518182160835	0.0172511512368303	2.71997693590542e-07	0.000354721258801212
HNSC	ZNF750	1	6	3	0	6	3.31140315725777	25.1132189346605	25.1132189346605	31.5894905666952	0.092693573454831	0.000828616193313869	0.00278549438735531	1.75670483773387e-05	0.785868750340396	0.55894448184848	0.707660275395385	8.72611642166454e-07	0.00106687680900376
HNSC	FOSL2	0	2	0	0	6	3.14433660411158	0	0	69.9412574014903	0.289081123520402	0.763344805040244	0.529064342598312	2.60702344541884e-07	0.785868750340396	0.879318594004594	0.936945721046609	2.31671731376615e-06	0.00266586024069961
HNSC	TGFBR2	1	12	5	1	0	7.58883193049222	47.9060105020386	47.9060105020386	0	0.000573929566775377	2.71350493963318e-07	2.90216087828199e-07	1	0.267314528220475	0.000482559851173676	0.000436708239238094	4.65873439781106e-06	0.00506300901611
HNSC	KDM6A	0	4	4	3	3	2.22434683707891	27.4961840357456	27.4961840357456	7.99678012947109	0.38058501722776	9.83489812800276e-06	2.33923752013254e-05	0.0205637410936242	0.785868750340396	0.0137421626557136	0.0228800821844164	7.47880419083025e-06	0.00770001934636954
HNSC	POM121L12	4	14	3	0	1	6.55841343951496	21.4137267932937	21.4137267932937	12.834338479398	6.06627404572402e-05	0.000730459108291504	9.09478309374379e-06	0.0722273366404249	0.069804972283796	0.529231150977718	0.0104654204046951	1.00082392362477e-05	0.00978905879697389
HNSC	B2M	0	3	0	0	3	11.4636146790433	0	0	95.2949632095305	0.012871769925945	0.791161114690873	0.0414509778701854	2.91272988996323e-05	0.785868750340396	0.879318594004594	0.936945721046609	1.76600767136659e-05	0.0164507819367968
HNSC	FBXW7	3	16	2	1	4	4.66457923057545	6.76498955717764	6.76498955717764	21.5355849061086	0.00130788083181332	0.0223714206126328	0.00219855397800095	0.000621274649597115	0.42166182215012	0.879318594004594	0.623305984313835	1.98106787681063e-05	0.0176152953664407
HNSC	RASA1	1	4	5	0	4	1.57629630669592	16.1593624672249	16.1593624672249	14.5488493449665	0.567552177633199	0.000297360194926322	0.000984434757979269	0.00222263019320712	0.813513776695579	0.2529113101369	0.393010463991642	3.07036081407253e-05	0.026114086193429
HNSC	NFE2L2	2	20	0	0	1	8.30267606705837	0	0	6.29009658148716	8.7978233100916e-06	0.502124510913171	2.06809148283194e-05	0.136973901806099	0.0215128774490015	0.879318594004594	0.021292634519557	3.90189860968171e-05	0.0318037252510807
HNSC	ARID2	3	5	7	1	2	0.779805172308908	10.0530838970837	10.0530838970837	4.15228597862878	0.702996229238017	8.47656064965063e-05	3.77484622163804e-05	0.105907286730483	0.877621521850746	0.103636549642791	0.0335652462671288	5.36899824378212e-05	0.0420113374579463
HNSC	KRT6A	1	1	0	0	6	0.692087316620313	0	0	40.4792764075882	0.750091408871069	0.655791676187617	0.869806408693453	4.93191894892354e-06	0.900846696552741	0.879318594004594	0.936945721046609	5.73087801515326e-05	0.0431182445124723
HNSC	OR5D13	1	11	0	0	1	13.1830632444047	0	0	12.1009477091467	1.33637582864221e-05	0.7651237030836	6.37657408870673e-05	0.0762673752633528	0.0255421164928917	0.879318594004594	0.0479763624320312	6.43592427136408e-05	0.0465279461522695
HNSC	EP300	0	21	4	3	2	8.56770215412181	24.7569173339456	24.7569173339456	3.15676896760349	0.00056200680635321	1.84244448272475e-05	3.44169005004336e-05	0.150519329975812	0.267314528220475	0.0240279326473743	0.0320601622661658	6.82292299055698e-05	0.0465279461522695
HNSC	OR2M5	0	10	2	0	0	18.1469751096478	68.1962338209455	68.1962338209455	0	1.90715487304871e-05	0.000868945134718691	5.24180506411565e-06	1	0.0306606401848724	0.566610157512234	0.00683601271094868	6.89760984774468e-05	0.0465279461522695
HNSC	KEAP1	1	17	0	0	1	10.4060388694829	0	0	6.09887764540995	1.23166717307388e-05	0.63330716542037	4.11147598812223e-05	0.14065833351752	0.0255421164928917	0.879318594004594	0.0349689970781074	7.5530991669237e-05	0.0492512419677872
HNSC	RAC1	0	10	0	0	0	25.3512049829538	0	0	0	1.51059343012072e-06	0.763999206867416	7.19241508806423e-06	1	0.00422146124000308	0.879318594004594	0.00879362649704453	9.2368472433213e-05	0.0581127541148154
HNSC	KRT14	3	6	0	2	4	2.38540962608173	10.424098909534	10.424098909534	32.2350826924416	0.161271503893391	0.0234069422000597	0.0487981697351004	0.000153719870836387	0.785868750340396	0.879318594004594	0.936945721046609	9.60192877001997e-05	0.0581127541148154
HNSC	NPFFR2	0	13	1	0	1	16.0178048674121	14.3174254551001	14.3174254551001	7.28833370627384	1.43627073623254e-05	0.0835380318517742	6.36701545267959e-05	0.120496900209941	0.0255421164928917	0.879318594004594	0.0479763624320312	9.80329662503276e-05	0.0581127541148154
HNSC	KMT2B	5	4	1	3	7	0.3907866719713	4.76969336352718	4.76969336352718	9.8242230112918	0.131760909895663	0.0257221380692103	0.00509801258495213	0.00225277767701283	0.785868750340396	0.879318594004594	0.822292495347657	0.000142117235220507	0.0817675692759869
STAD	TP53	1	58	17	9	27	46.7395376028608	256.199344763972	256.199344763972	92.7477637945646	0	0	0	3.25541689951595e-25	0	0	0	0	0
STAD	ARID1A	2	6	16	3	31	1.33717939093906	69.9439589651708	69.9439589651708	18.3536046626294	0.659898593316738	0	0	4.09356830996682e-11	0.858877996171791	0	0	0	0
STAD	KRAS	0	18	0	0	0	65.6849136412078	0	0	0	2.05391259555654e-14	0.817902362803836	1.51212375953946e-13	1	2.00893190971385e-10	0.906727514984418	9.86005499470366e-10	4.61497506876185e-12	3.00927140983731e-08
STAD	PIK3CA	3	36	0	0	3	9.62835824431861	0	0	3.79821421214619	4.29740310003979e-09	0.292297192483039	2.02533678717032e-09	0.0675859418749563	2.80219331476594e-05	0.906727514984418	9.90490955765644e-06	3.2457846410594e-09	1.5873509787101e-05
STAD	BCOR	2	5	5	1	6	1.23528912836976	26.9167968489088	26.9167968489088	4.62447721273835	0.758897138731104	2.99180114660125e-06	7.58596922900701e-06	0.0139494988981495	0.907247781080238	0.0195085380099379	0.0247327883429725	1.80545825234635e-06	0.00616370530027647
STAD	RHOA	0	12	0	0	0	33.9719666816697	0	0	0	1.76086234482398e-08	0.8405845928206	1.11124221935377e-07	1	8.61149729736166e-05	0.906727514984418	0.000434762405899969	1.89051384325012e-06	0.00616370530027647
STAD	SMAD4	0	12	0	0	4	14.7989272770274	0	0	9.78973114595365	2.80135905391665e-05	0.694850784177127	9.97123603135863e-05	0.00295077465799852	0.0899380267045438	0.906727514984418	0.216730354717153	4.71910728050418e-06	0.0131878823744604
STAD	GPSM3	0	4	0	0	4	12.0378126695924	0	0	33.6255982839277	0.00475893210082856	0.788076944158437	0.0167439375439303	3.65237604654189e-05	0.571130243904346	0.906727514984418	0.961323972281589	9.36118280780995e-06	0.0228904322607973
STAD	CDH10	2	14	0	0	6	5.7874529362459	0	0	10.292245862571	0.000745464320648037	0.511116834251538	0.00178952147004918	0.000518132769740777	0.291655460810338	0.906727514984418	0.587937077455303	1.38071596793576e-05	0.02740905418965
STAD	KLF3	1	6	0	1	5	6.01844437146977	17.1855724849256	17.1855724849256	19.5582417764175	0.0105842586160635	0.0612446646099513	0.0130911632444347	7.195077473256e-05	0.780708852749462	0.906727514984418	0.961323972281589	1.40113762343574e-05	0.02740905418965
STAD	PIK3R1	0	0	2	1	5	0	21.5709690878623	21.5709690878623	9.3340022822627	0.2130551085879	0.0020946968994412	0.00108489173943604	0.00159019009192931	0.780708852749462	0.906727514984418	0.482333004701089	2.46186820316296e-05	0.043780968900249
STAD	CDH1	3	16	0	4	4	4.55567034427425	16.058140464123	16.058140464123	5.98862978286766	0.00147056073199259	0.000440914599341036	0.000149150468097936	0.0135653679620218	0.387176849514349	0.906727514984418	0.243140121410985	2.85500932749594e-05	0.046541410387063
STAD	CDKN2A	4	4	3	0	2	2.020400831464	43.5034572558731	43.5034572558731	16.112265844382	0.29664362192876	8.39733444838453e-05	0.000393361537771031	0.00934006223145553	0.780708852749462	0.410671641198245	0.328778637526425	4.96515452746982e-05	0.0747141175895112
ESCA	TP53	0	71	22	10	18	257.494800307963	1221.08708936107	1221.08708936107	451.411762265038	0	0	0	4.59364682056697e-27	0	0	0	0	0
ESCA	NFE2L2	0	10	0	0	2	27.0612448107901	0	0	32.6102373180097	4.48613109771401e-07	0.805210258574255	2.47776621897788e-06	0.00315070349035287	0.00292525655111605	0.942716839511687	0.0121175156939113	1.53544513326054e-07	0.00150181888484213
ESCA	ARID1A	1	2	4	0	5	1.08186182186653	29.2849565404256	29.2849565404256	21.611771450912	0.932885257663298	8.21943974168571e-05	0.000252756761956574	0.000178160224085557	0.943544874122819	0.267981133711426	0.260512455744114	8.06774960615542e-07	0.00384985460858296
ESCA	SMAD4	0	4	4	0	1	11.8317040235686	113.15211764908	113.15211764908	17.8678153840089	0.00454057110701789	8.28865546420587e-07	9.67537604035229e-07	0.0531829884341618	0.614714514603532	0.00810713390953977	0.00630899020337905	9.15027397407897e-07	0.00384985460858296
ESCA	PIK3CA	0	16	0	0	0	25.7676984856336	0	0	0	1.44506729915506e-08	0.681956810077876	5.55767112331296e-08	1	0.000141342032530356	0.942716839511687	0.00054359581257124	9.84013548865903e-07	0.00384985460858296
ESCA	CDKN2A	0	3	0	2	1	18.5487367069604	259.558586383985	259.558586383985	58.8148923056961	0.00296817709139929	4.81251519535153e-05	1.19220115133434e-05	0.0167365958785697	0.558302694826471	0.188284844502933	0.0466436778448046	3.27779940867412e-06	0.0106867186720805
ESCA	NOTCH1	2	5	2	1	6	1.84579968400511	18.6817358627632	18.6817358627632	23.1946054163309	0.367600234196668	0.00141902160998997	0.00612099849233982	5.29179188476613e-05	0.757871946712348	0.942716839511687	0.954898984904211	5.16403988615188e-06	0.0144312783218433
ESCA	ZNF750	0	3	1	0	4	6.58881238715818	36.809547583468	36.809547583468	54.5906182726903	0.0457689013525665	0.0284466664411489	0.0224830816270754	1.71628903646988e-05	0.757871946712348	0.942716839511687	0.954898984904211	6.0843764928542e-06	0.0148778216191517
ESCA	PTCH1	0	0	1	1	4	0	34.2671597781039	34.2671597781039	27.2953091363452	0.241626048242087	0.00329367646911161	0.00313163455928545	0.000216166199406026	0.757871946712348	0.942716839511687	0.797491392536091	1.02935275350102e-05	0.0223735539599856
ESCA	KMT2D	2	7	5	1	5	1.55057877587265	16.171713481503	16.171713481503	8.92100208320418	0.486474751834353	4.70464429965789e-05	0.000173205115009178	0.00498326362409219	0.757871946712348	0.188284844502933	0.260512455744114	1.29147103088423e-05	0.0252637563061573
ESCA	FBXW7	0	1	1	0	4	2.40193034821937	19.0782771100544	19.0782771100544	55.8243045613387	0.508191991085246	0.0590232202201202	0.157284629203382	1.5781045484582e-05	0.757871946712348	0.942716839511687	0.954898984904211	3.45172943451155e-05	0.0613843010890136
ESCA	IVL	0	7	0	0	1	24.6856229313429	0	0	16.8616073504385	1.181769659786e-05	0.786219771239337	5.78693505463024e-05	0.0561896801656	0.0369137864580196	0.942716839511687	0.125782248376307	4.43407611047109e-05	0.0722828307275295
OV	TP53	2	24	8	1	9	97.6720749821395	342.319103012868	342.319103012868	370.346013601943	0	0	0	1.31529585535199e-19	0	0	0	0	0
PAAD	TP53	0	61	15	4	19	800.744108320558	2484.92162306529	2484.92162306529	1580.16778025809	0	0	0	2.0868051726521e-23	0	0	0	0	0
PAAD	KRAS	1	86	0	0	0	2143.13535820434	0	0	0	0	0.919720097209978	0	1	0	0.975556994338337	0	0	0
PAAD	SMAD4	0	12	10	0	11	143.986227897799	1100.23868322756	1100.23868322756	651.798530469074	4.77395900588817e-15	0	0	5.55849703320776e-13	3.11293953577281e-11	0	0	0	0
PAAD	CDKN2A	0	7	9	0	11	124.32047189104	3703.86982377265	3703.86982377265	2145.50349612737	5.11713227346888e-10	0	0	2.54522563912693e-18	2.50253353833996e-06	0	0	0	0
PAAD	RNF43	0	3	2	0	3	23.0915374489924	150.935937327103	150.935937327103	125.386567955495	0.00185294944444803	0.000164948499815187	2.7372767052336e-05	0.000202113850132581	0.648958627922363	0.505151171838259	0.0747873898028683	1.10718243906405e-07	0.000433174057459418
PAAD	ARID1A	0	0	3	1	2	0	138.502404286846	138.502404286846	28.668145021029	0.41451589102339	4.7759383126067e-07	9.38698833663487e-07	0.0111382591135794	0.879893127773738	0.00233567263178031	0.00367256531682503	2.02586671660399e-07	0.000660500078503453
PAAD	NTF3	0	4	0	0	2	64.5645036460375	0	0	241.827968701374	1.01530353421309e-05	0.916936431090483	5.7691622926459e-05	0.00026106343038056	0.0283733824803948	0.975556994338337	0.112856352768739	2.86330154475323e-07	0.00080017006883518
PAAD	TGFBR2	0	3	2	0	1	29.7131668243853	269.812996984264	269.812996984264	55.257486946098	0.000891224713254535	4.89129465811589e-05	4.62203559792318e-06	0.0168539088443323	0.512768760020153	0.191367012204126	0.0150693767277622	1.35294436032218e-06	0.00330828719707782
PAAD	RBM10	0	0	1	1	3	0	86.7620606265356	86.7620606265356	98.6978607199884	0.53545744024465	0.000525220752605637	0.00157358417160725	0.000377423254179341	0.879893127773738	0.975556994338337	0.994114208955763	9.10848401014519e-06	0.01979779602294
PRAD	TP53	0	7	1	0	1	517.663516612265	828.230849043012	828.230849043012	220.890822335025	5.14477349611298e-12	0.00142015467330225	2.20767848446712e-12	0.00446729780483328	1.00642059130962e-07	0.844376432673446	4.31866065131459e-08	3.27959881474271e-13	6.41555120139969e-09
PRAD	FOXA1	0	0	0	0	4	0	0	0	735.991408033827	0.842652817003139	0.97311426997684	0.979955516734674	3.38865568626634e-08	0.956213752511058	0.991580179269768	0.999371583277927	6.05053796176591e-07	0.00591803118040324
PRAD	SPOP	0	3	0	0	1	266.972515721099	0	0	232.082624	7.02490923421006e-06	0.962057775422837	4.10484869055594e-05	0.00425457352153307	0.0687106372198086	0.991580179269768	0.401495250423276	2.89219176807798e-06	0.0188590184557138
PRAD	PTEN	0	0	0	0	3	0	0	0	646.269683168317	0.883363650523376	0.958887305413355	0.988009704920385	1.01810127801182e-06	0.956213752511058	0.991580179269768	0.999371583277927	1.48969210581607e-05	0.0728533924349347
THCA	BRAF	0	49	0	0	0	16457.7933346078	0	0	0	0	0.976915312229802	0	1	0	0.997553994243791	0	0	0
